NAPLN-LIGHTNING-NAPLN1EX,2008-09-18T21:54:00,2008-09-18T21:52:55
2008-09-18T21:52:45.785,50.4214248,-90.1344455,-38.8,0.5,0.25,0
2008-09-18T21:52:46.330,18.5033344,-90.182308,-34.2,0.25,0.25,41
2008-09-18T21:52:46.379,44.1645323,-103.0792998,-25.0,0.25,0.25,78
2008-09-18T21:52:46.564,18.5089494,-90.1784205,-39.1,0.25,0.25,41
2008-09-18T21:52:47.488,11.072215,-80.9675874,-267.8,0.75,0.25,36
2008-09-18T21:52:48.311,20.5285109,-77.0322532,-35.2,0.5,0.25,64
2008-09-18T21:52:48.944,24.3924585,-105.8446342,-43.9,0.5,0.25,-79
2008-09-18T21:52:49.771,22.162691,-80.2784955,-26.3,0.5,0.25,76
2008-09-18T21:52:50.278,51.5925179,-91.1517278,-12.4,0.25,0.25,-21
2008-09-18T21:52:51.934,14.6401647,-87.6809639,-55.4,0.75,0.25,-3
2008-09-18T21:52:52.164,15.1041161,-84.9049506,-22.0,0.25,0.25,51
2008-09-18T21:52:53.170,24.3764301,-76.1032111,-51.9,0.5,0.25,85
2008-09-18T21:52:53.223,24.387467,-76.1427093,-20.5,0.5,0.25,85
2008-09-18T21:52:53.505,21.4469105,-77.5488009,-50.6,0.5,0.25,69
2008-09-18T21:52:53.873,21.3010704,-77.3925046,-39.8,0.5,0.25,60
2008-09-18T21:52:54.144,21.4342941,-82.2942337,-43.8,0.25,0.25,73
2008-09-18T21:52:54.478,43.9436786,-106.8002599,-19.0,0.5,0.25,85
2008-09-18T21:52:54.574,43.9467315,-106.8172111,-16.0,0.25,0.25,68
2008-09-18T21:52:54.600,43.942687,-106.8127859,-15.8,0.25,0.25,68
2008-09-18T21:52:54.639,43.945445,-106.812456,-9.7,0.25,0.25,68
2008-09-18T21:52:54.668,43.946876,-106.7852665,-16.2,0.5,0.25,85
2008-09-18T21:52:54.711,43.9458179,-106.7869736,-26.1,0.5,0.25,85
2008-09-18T21:52:54.736,43.9445966,-106.81459,-11.9,0.25,0.25,68
2008-09-18T21:52:54.970,43.9456835,-106.8149934,-22.6,0.25,0.25,68
2008-09-18T21:52:55.035,36.5653399,-103.7874183,0.0,0.25,0.25,-45
2008-09-18T21:52:55.623,24.5991558,-95.5409351,-48.5,0.25,0.25,46
2008-09-18T21:52:55.673,20.5522686,-76.2486155,-33.7,0.5,0.25,66
2008-09-18T21:52:55.688,24.6141237,-95.5177334,-37.3,0.75,0.25,18
2008-09-18T21:52:55.877,20.5503796,-76.251997,-31.5,0.5,0.25,66
2008-09-18T21:52:55.922,23.210555,-96.0374799,-73.2,0.75,0.25,22
2008-09-18T21:52:56.079,25.7684466,-80.6814298,-14.7,0.25,0.25,63
2008-09-18T21:52:57.181,35.9095198,-104.2868315,-8.3,0.25,0.25,-41
2008-09-18T21:52:57.218,35.9521659,-104.3004596,-7.0,0.25,0.25,-41
2008-09-18T21:52:57.240,24.247057,-71.486468,-15.4,0.5,0.25,62
2008-09-18T21:52:57.271,24.2591183,-71.4764205,-13.9,0.75,0.25,-76
2008-09-18T21:52:57.304,35.9144008,-104.2795667,-6.3,0.25,0.25,-41
2008-09-18T21:52:57.372,36.7559396,-103.5073038,-7.3,0.25,0.25,-45
2008-09-18T21:52:57.488,24.4220619,-105.9972521,-30.7,0.25,0.25,83
2008-09-18T21:52:58.204,38.8051353,-105.0813428,-13.9,0.25,0.25,1
2008-09-18T21:52:58.322,38.8259177,-105.0887832,-17.1,0.25,0.25,0
2008-09-18T21:52:58.657,33.182816,-75.3361045,-42.2,0.75,0.25,-70
2008-09-18T21:52:58.676,33.1624732,-75.3283678,-16.7,0.75,0.25,-74
2008-09-18T21:52:58.702,21.6413036,-78.3664452,-48.2,0.5,0.25,73
2008-09-18T21:52:59.226,37.864162,-109.4003912,-13.5,0.5,0.25,-27
2008-09-18T21:52:59.246,14.3893047,-91.7264408,-75.9,0.5,0.25,60
2008-09-18T21:52:59.724,27.0897262,-82.3787896,-4.2,0.25,0.25,61
2008-09-18T21:53:00.195,19.6605525,-70.6775645,-27.6,0.5,0.25,49
2008-09-18T21:53:00.743,13.9174001,-83.76416,-317.5,0.5,0.25,53
2008-09-18T21:53:00.774,13.884356,-83.7874837,-25.1,0.5,0.25,79
2008-09-18T21:53:01.626,14.7049906,-85.3343108,-335.3,0.5,0.25,51
2008-09-18T21:53:02.440,27.0950628,-82.3598137,5.5,0.25,0.25,60
2008-09-18T21:53:02.612,35.9649138,-104.0886883,-31.6,0.25,0.25,-40
2008-09-18T21:53:02.637,35.949506,-104.0892551,-15.3,0.25,0.25,-37
2008-09-18T21:53:02.666,35.9569594,-104.0805293,-14.5,0.25,0.25,-39
2008-09-18T21:53:02.693,35.9568325,-104.0887633,-9.5,0.25,0.25,-39
2008-09-18T21:53:02.834,35.9407942,-104.0867354,-10.5,0.25,0.25,-39
2008-09-18T21:53:02.866,35.9573304,-104.0816408,-7.8,0.25,0.25,-39
2008-09-18T21:53:02.918,35.9573338,-104.0786809,-30.6,0.25,0.25,-39
2008-09-18T21:53:02.972,35.9577799,-104.0807183,-16.4,0.25,0.25,-39
2008-09-18T21:53:03.188,35.9583453,-104.0806509,-13.8,0.25,0.25,-39
2008-09-18T21:53:04.596,27.0362602,-82.35196,0.0,0.25,0.25,61
2008-09-18T21:53:04.764,27.0876554,-82.3763678,-4.6,0.25,0.25,61
2008-09-18T21:53:04.807,13.8322584,-102.6895298,-119.2,0.75,0.25,37
2008-09-18T21:53:04.849,36.6237899,-103.8744821,-12.4,0.25,0.25,-46
2008-09-18T21:53:05.044,36.6244858,-103.8710903,-21.7,0.25,0.25,-46
2008-09-18T21:53:05.093,36.6252245,-103.87067,-11.3,0.5,0.25,-89
2008-09-18T21:53:05.098,36.6023562,-105.9209375,-14.3,0.75,0.25,29
2008-09-18T21:53:05.545,14.3659765,-91.170863,-69.4,0.25,0.25,35
2008-09-18T21:53:05.590,25.8976693,-81.5822545,-8.5,0.5,0.25,87
2008-09-18T21:53:05.636,14.3630813,-91.197867,-31.6,0.5,0.25,45
2008-09-18T21:53:05.724,25.9006333,-81.5787913,-9.9,0.5,0.25,87
2008-09-18T21:53:05.761,14.3625251,-91.1994688,-59.7,0.5,0.25,49
2008-09-18T21:53:05.791,41.3749612,-107.1700023,-28.9,0.25,0.25,27
2008-09-18T21:53:05.830,41.3872886,-107.1778346,-23.3,0.25,0.25,27
2008-09-18T21:53:05.853,41.3901053,-107.1757941,-13.1,0.25,0.25,27
2008-09-18T21:53:05.967,41.3864751,-107.1597113,-11.1,0.25,0.25,27
2008-09-18T21:53:06.632,18.2611902,-90.76278,-31.4,0.75,0.25,20
2008-09-18T21:53:06.715,18.2696057,-90.7615388,-60.7,0.25,0.25,54
2008-09-18T21:53:06.731,18.2602463,-90.7413986,-35.3,0.75,0.25,-8
2008-09-18T21:53:06.802,18.2622827,-90.7307518,-54.9,0.5,0.25,53
2008-09-18T21:53:07.022,37.1073247,-103.2580595,-7.9,0.25,0.25,67
2008-09-18T21:53:07.302,18.2586075,-90.7648564,-59.5,0.5,0.25,42
2008-09-18T21:53:07.752,20.8802998,-87.6726534,-29.2,0.5,0.25,14
2008-09-18T21:53:07.777,20.8853843,-87.6732751,-28.5,0.25,0.25,50
2008-09-18T21:53:07.808,20.883262,-87.6693789,-28.1,0.5,0.25,14
2008-09-18T21:53:07.881,20.8998966,-87.6567074,-19.2,0.5,0.25,15
2008-09-18T21:53:07.992,20.8911371,-87.6657507,-37.2,0.25,0.25,50
2008-09-18T21:53:08.018,20.8930795,-87.6636948,-16.0,0.5,0.25,15
2008-09-18T21:53:08.633,39.4158282,-106.3511704,-14.5,0.25,0.25,80
2008-09-18T21:53:08.719,25.5690977,-106.4284185,-30.0,0.25,0.25,77
2008-09-18T21:53:08.752,21.5622347,-77.9867677,-36.6,0.5,0.25,65
2008-09-18T21:53:09.188,39.4169187,-106.3514643,-31.9,0.5,0.25,24
2008-09-18T21:53:09.341,39.4179997,-106.3521764,-10.5,0.25,0.25,80
2008-09-18T21:53:09.710,21.5956922,-77.9812289,-33.9,0.25,0.25,-89
2008-09-18T21:53:10.028,18.9180289,-70.453305,-39.4,0.75,0.25,-79
2008-09-18T21:53:10.105,15.2393063,-86.3512606,-37.9,0.5,0.25,68
2008-09-18T21:53:10.619,27.0808742,-82.3668662,-3.5,0.25,0.25,61
2008-09-18T21:53:10.935,18.7517311,-70.5007824,-52.7,0.5,0.25,50
2008-09-18T21:53:10.988,18.8991016,-70.5647424,-118.8,0.5,0.25,48
2008-09-18T21:53:13.935,31.9717962,-114.4099845,-10.0,0.5,0.25,16
2008-09-18T21:53:13.959,14.4152744,-91.1685811,-71.4,0.5,0.25,60
2008-09-18T21:53:14.399,17.0786123,-89.805162,-31.3,0.75,0.25,20
2008-09-18T21:53:14.476,17.0638497,-89.8259842,-64.5,0.25,0.25,57
2008-09-18T21:53:14.981,22.0755605,-81.1581959,-24.6,0.25,0.25,48
2008-09-18T21:53:15.051,14.4251604,-91.1483766,-49.0,0.25,0.25,35
2008-09-18T21:53:15.270,13.86633,-97.3257562,-58.1,0.75,0.25,40
2008-09-18T21:53:15.573,13.8761992,-97.3169636,-66.2,0.75,0.25,40
2008-09-18T21:53:16.185,27.0898497,-82.3756703,-4.0,0.25,0.25,61
2008-09-18T21:53:17.263,27.0465428,-82.3747045,-6.5,0.25,0.25,62
2008-09-18T21:53:18.124,22.1230227,-79.896517,-16.6,0.5,0.25,45
2008-09-18T21:53:19.178,27.0501557,-82.3266285,0.0,0.25,0.25,60
2008-09-18T21:53:21.367,17.3099983,-99.4506348,-116.5,0.75,0.25,1
2008-09-18T21:53:21.397,17.0632633,-99.2977344,-45.9,0.75,0.25,43
2008-09-18T21:53:21.423,23.639834,-105.2015497,-38.5,0.75,0.25,86
2008-09-18T21:53:21.809,23.6566217,-105.2018501,-18.7,0.75,0.25,10
2008-09-18T21:53:21.932,18.9128688,-69.2717489,-29.3,0.5,0.25,68
2008-09-18T21:53:22.028,20.4758556,-88.0319987,-28.4,0.25,0.25,45
2008-09-18T21:53:22.459,18.6137023,-90.0683779,-31.1,0.75,0.25,-9
2008-09-18T21:53:23.770,14.9774228,-78.7242112,-63.7,0.25,0.25,72
2008-09-18T21:53:26.006,27.0730438,-82.3339146,-5.3,0.25,0.25,81
2008-09-18T21:53:26.027,27.0814239,-82.3268792,-4.5,0.25,0.25,59
2008-09-18T21:53:27.319,20.1221248,-75.8658172,-20.2,0.25,0.25,50
2008-09-18T21:53:29.139,18.3140722,-90.7652855,-56.9,0.5,0.25,47
2008-09-18T21:53:29.173,18.4479698,-90.7026713,-26.9,0.25,0.25,57
2008-09-18T21:53:29.245,18.3125587,-90.7462323,-53.9,0.5,0.25,42
2008-09-18T21:53:29.316,18.3122042,-90.5307174,-30.6,0.25,0.25,42
2008-09-18T21:53:29.850,27.0850751,-82.3624668,-13.8,0.25,0.25,60
2008-09-18T21:53:29.876,27.0716458,-82.3621137,-6.5,0.25,0.25,61
2008-09-18T21:53:29.938,27.058977,-82.3634978,-13.2,0.25,0.25,61
2008-09-18T21:53:29.952,14.9928657,-84.2456593,-98.3,0.75,0.25,83
2008-09-18T21:53:30.155,27.0566553,-82.3613314,-8.2,0.25,0.25,61
2008-09-18T21:53:30.906,40.8102108,-106.0870403,-14.8,0.25,0.25,-80
2008-09-18T21:53:30.937,40.8128766,-106.0849166,-13.7,0.25,0.25,42
2008-09-18T21:53:30.976,40.8006097,-106.0834749,-22.7,0.25,0.25,62
2008-09-18T21:53:30.986,38.8225917,-105.0620871,-22.2,0.75,0.25,37
2008-09-18T21:53:31.133,38.8203701,-105.0750286,-29.0,0.25,0.25,0
2008-09-18T21:53:31.753,24.688146,-75.59861,-44.3,0.5,0.25,88
2008-09-18T21:53:31.848,27.7775826,-107.3094138,-19.8,0.25,0.25,60
2008-09-18T21:53:32.920,22.9278411,-105.2521766,-20.3,0.75,0.25,79
2008-09-18T21:53:34.450,27.1117217,-82.3723861,-4.3,0.25,0.25,60
2008-09-18T21:53:34.489,18.6897861,-90.6365081,-24.6,0.75,0.25,20
2008-09-18T21:53:34.527,18.6878266,-90.6423307,-61.6,0.5,0.25,37
2008-09-18T21:53:34.579,18.697993,-90.6346204,-23.8,0.75,0.25,20
2008-09-18T21:53:35.473,39.5851851,-105.4456713,-10.0,0.5,0.25,-55
2008-09-18T21:53:35.502,39.5901385,-105.4391226,-21.5,0.5,0.25,-55
2008-09-18T21:53:35.568,20.887684,-87.6107979,-24.0,0.5,0.25,16
2008-09-18T21:53:35.597,21.4191316,-77.5021616,-28.6,0.5,0.25,68
2008-09-18T21:53:35.620,39.5886795,-105.4325682,-8.7,0.5,0.25,-55
2008-09-18T21:53:35.690,21.4091203,-77.5549231,-32.7,0.5,0.25,72
2008-09-18T21:53:35.756,21.4103293,-77.5366532,-40.9,0.5,0.25,72
2008-09-18T21:53:35.800,20.8635677,-87.6349073,-28.9,0.25,0.25,44
2008-09-18T21:53:35.818,21.4138207,-77.5346255,-39.1,0.5,0.25,72
2008-09-18T21:53:35.878,20.8813061,-87.6187575,-32.7,0.5,0.25,19
NAPLN-LIGHTNING-NAPLN1EX,2008-09-18T21:55:00,2008-09-18T21:53:55
2008-09-18T21:53:35.977,20.8778723,-87.6190503,-24.1,0.5,0.25,14
2008-09-18T21:53:35.990,22.1311912,-80.9770997,-26.0,0.25,0.25,49
2008-09-18T21:53:36.018,21.4273238,-77.4947,-50.8,0.75,0.25,86
2008-09-18T21:53:36.616,27.0879991,-82.3672382,-4.1,0.25,0.25,61
2008-09-18T21:53:37.455,22.1580745,-80.271368,-33.3,0.25,0.25,85
2008-09-18T21:53:37.815,20.5168308,-76.2364584,-28.7,0.5,0.25,66
2008-09-18T21:53:37.911,20.5051767,-76.2472649,-34.6,0.5,0.25,62
2008-09-18T21:53:38.218,19.077125,-71.4759931,-34.0,0.5,0.25,59
2008-09-18T21:53:38.398,27.0887889,-82.3592696,0.0,0.25,0.25,60
2008-09-18T21:53:39.053,15.213802,-86.3787385,-48.1,0.5,0.25,39
2008-09-18T21:53:39.125,25.2447863,-78.521859,-22.7,0.75,0.25,51
2008-09-18T21:53:39.194,15.239374,-86.3680491,-39.1,0.75,0.25,-88
2008-09-18T21:53:39.401,14.6052835,-78.6495051,-80.9,0.25,0.25,73
2008-09-18T21:53:39.751,35.922798,-104.2918939,-7.3,0.25,0.25,-41
2008-09-18T21:53:40.685,24.3077407,-76.183402,-22.6,0.5,0.25,85
2008-09-18T21:53:40.745,37.7773039,-106.6320779,-17.5,0.25,0.25,87
2008-09-18T21:53:40.842,37.7828117,-106.6416169,-9.2,0.25,0.25,73
2008-09-18T21:53:40.857,37.0989681,-103.2581641,-11.8,0.25,0.25,68
2008-09-18T21:53:40.892,37.0992138,-103.2575022,-11.5,0.25,0.25,67
2008-09-18T21:53:40.909,24.3217654,-76.1550735,-12.9,0.75,0.25,65
2008-09-18T21:53:41.304,38.9959299,-106.4718874,-21.3,0.25,0.25,-54
2008-09-18T21:53:41.523,19.0390881,-99.0297923,-65.9,0.25,0.25,30
2008-09-18T21:53:41.945,31.9633359,-114.4002582,-8.7,0.75,0.25,3
2008-09-18T21:53:42.447,19.0363096,-90.6504261,-52.0,0.25,0.25,53
2008-09-18T21:53:42.507,29.480275,-81.0096,-8.8,0.5,0.25,89
2008-09-18T21:53:42.587,25.8756925,-81.5727297,-9.6,0.5,0.25,87
2008-09-18T21:53:42.617,19.0268277,-90.6042482,-48.6,0.25,0.25,40
2008-09-18T21:53:42.752,25.467782,-105.6872012,-26.8,0.75,0.25,-76
2008-09-18T21:53:43.610,24.6711013,-75.6049731,-35.5,0.5,0.25,88
2008-09-18T21:53:43.788,21.3443153,-77.2597987,-18.5,0.75,0.25,67
2008-09-18T21:53:45.158,50.3458223,-90.1130531,-15.3,0.5,0.25,-22
2008-09-18T21:53:45.519,36.7571496,-103.4983299,-12.6,0.25,0.25,-45
2008-09-18T21:53:45.741,25.8963621,-81.169632,-12.3,0.25,0.25,58
2008-09-18T21:53:45.993,41.596443,-107.1609926,-13.4,0.25,0.25,26
2008-09-18T21:53:46.749,27.0535262,-82.3699222,-5.0,0.25,0.25,61
2008-09-18T21:53:46.786,21.8190535,-103.5681752,-27.9,0.75,0.25,-55
2008-09-18T21:53:47.365,35.6467538,-112.604417,0.0,0.5,0.25,43
2008-09-18T21:53:47.400,35.6782869,-112.5884428,-10.4,0.5,0.25,74
2008-09-18T21:53:47.924,25.9509463,-80.9520225,-18.6,0.5,0.25,67
2008-09-18T21:53:48.530,14.4654801,-91.4333364,-77.5,0.75,0.25,33
2008-09-18T21:53:48.665,29.4429916,-63.5042003,-28.1,0.75,0.25,77
2008-09-18T21:53:48.694,29.4445125,-63.5096263,-23.6,0.75,0.25,77
2008-09-18T21:53:49.181,40.884568,-108.3544051,0.0,0.25,0.25,48
2008-09-18T21:53:49.986,31.9608698,-114.4062168,-6.7,0.75,0.25,3
2008-09-18T21:53:50.825,27.0876897,-82.3433609,0.0,0.25,0.25,60
2008-09-18T21:53:50.837,36.6178512,-105.9125261,-7.6,0.25,0.25,-81
2008-09-18T21:53:50.864,36.6025568,-105.9155959,-9.9,0.25,0.25,-81
2008-09-18T21:53:50.894,36.6034262,-105.9149832,-10.0,0.25,0.25,-81
2008-09-18T21:53:50.967,36.6030388,-105.915142,-13.4,0.25,0.25,-81
2008-09-18T21:53:51.068,36.6038323,-105.914765,-8.9,0.25,0.25,-81
2008-09-18T21:53:51.683,17.0844667,-89.8129324,-38.2,0.5,0.25,44
2008-09-18T21:53:53.425,37.3160953,-103.1097326,-12.9,0.25,0.25,44
2008-09-18T21:53:54.337,20.6655592,-76.1018315,-42.4,0.5,0.25,66
2008-09-18T21:53:54.653,35.0781931,-104.5268956,-11.9,0.5,0.25,77
2008-09-18T21:53:54.697,35.8880273,-104.242769,-10.3,0.25,0.25,-40
2008-09-18T21:53:54.980,35.9429557,-104.2904617,-13.1,0.25,0.25,-41
2008-09-18T21:53:55.796,36.6351648,-104.0324781,9.3,0.25,0.25,5
2008-09-18T21:53:56.826,27.1040488,-82.3676072,-3.4,0.25,0.25,60
2008-09-18T21:53:58.097,18.2665404,-90.7454715,-35.9,0.75,0.25,23
2008-09-18T21:53:58.149,18.2634045,-90.7395816,-46.6,0.75,0.25,-8
2008-09-18T21:53:58.221,18.2477413,-90.7885834,-22.7,0.75,0.25,20
2008-09-18T21:53:58.262,18.261915,-90.74825,-20.7,0.75,0.25,20
2008-09-18T21:53:58.298,18.2737663,-90.7318124,-40.3,0.5,0.25,37
2008-09-18T21:53:58.436,18.2554583,-90.7558569,-46.6,0.5,0.25,46
2008-09-18T21:53:58.663,25.1980539,-78.576054,-38.7,0.25,0.25,75
2008-09-18T21:53:58.728,25.198776,-78.6437529,-12.6,0.25,0.25,77
2008-09-18T21:53:59.097,29.821546,-86.0737827,-19.0,0.5,0.25,65
2008-09-18T21:53:59.187,27.0755594,-82.3750307,-18.6,0.25,0.25,61
2008-09-18T21:53:59.290,27.0929073,-82.393013,-7.8,0.25,0.25,61
2008-09-18T21:53:59.536,20.5606596,-76.8715709,-33.7,0.5,0.25,70
2008-09-18T21:53:59.801,20.5328628,-76.8905147,-35.7,0.5,0.25,64
2008-09-18T21:54:00.479,35.9517892,-104.0885349,0.0,0.25,0.25,-39
2008-09-18T21:54:00.634,19.0202174,-89.5236249,-19.9,0.75,0.25,18
2008-09-18T21:54:01.141,25.8149532,-80.6639668,-22.0,0.5,0.25,-63
2008-09-18T21:54:01.306,25.9808808,-80.6726149,-26.9,0.25,0.25,82
2008-09-18T21:54:01.370,15.0681978,-84.8060323,-78.7,0.25,0.25,67
2008-09-18T21:54:01.409,15.0626522,-84.823651,-22.9,0.25,0.25,51
2008-09-18T21:54:02.197,38.078758,-105.6276539,0.0,0.25,0.25,16
2008-09-18T21:54:03.839,24.431467,-106.0674811,-41.2,0.5,0.25,-81
2008-09-18T21:54:03.911,24.4250116,-106.0242177,-20.7,0.75,0.25,-81
2008-09-18T21:54:03.986,10.3825172,-84.2393896,-171.2,0.75,0.25,34
2008-09-18T21:54:04.075,25.9502015,-80.9810044,-16.4,0.5,0.25,67
2008-09-18T21:54:04.375,35.4354926,-104.357492,-18.1,0.25,0.25,-75
2008-09-18T21:54:04.383,35.4377648,-104.3769727,-11.0,0.25,0.25,67
2008-09-18T21:54:04.405,35.4291837,-104.342275,-24.5,0.25,0.25,-75
2008-09-18T21:54:05.716,22.2034047,-80.2667604,-43.7,0.25,0.25,50
2008-09-18T21:54:05.892,22.1773471,-80.3221874,-42.9,0.5,0.25,41
2008-09-18T21:54:06.010,22.1810413,-80.2894881,-33.2,0.5,0.25,75
2008-09-18T21:54:06.223,22.1710408,-80.3070276,-46.1,0.5,0.25,75
2008-09-18T21:54:07.375,42.2883641,-105.9387645,-14.7,0.25,0.25,68
2008-09-18T21:54:07.435,42.2798918,-105.9165637,-21.5,0.25,0.25,68
2008-09-18T21:54:07.719,36.7140227,-104.0650392,0.0,0.25,0.25,-48
2008-09-18T21:54:07.826,20.5348031,-76.243474,-30.5,0.5,0.25,66
2008-09-18T21:54:07.901,20.5227828,-76.253211,-40.5,0.5,0.25,62
2008-09-18T21:54:08.321,23.1361528,-105.3720194,-25.8,0.5,0.25,-77
2008-09-18T21:54:08.543,24.5926348,-95.546919,-81.8,0.5,0.25,-31
2008-09-18T21:54:09.008,38.8231824,-105.0655014,-35.3,0.25,0.25,1
2008-09-18T21:54:09.115,27.0756578,-82.3384833,-5.9,0.25,0.25,60
2008-09-18T21:54:09.246,23.5633466,-105.544641,-41.1,0.5,0.25,-78
2008-09-18T21:54:09.338,23.5176241,-105.3488459,-32.0,0.75,0.25,76
2008-09-18T21:54:10.185,35.9138921,-104.2736703,-21.3,0.25,0.25,-40
2008-09-18T21:54:10.311,20.9756485,-76.0514151,-20.9,0.75,0.25,58
2008-09-18T21:54:10.396,35.9118286,-104.2781869,-12.8,0.25,0.25,-40
2008-09-18T21:54:10.554,15.3848306,-86.3879235,-38.3,0.5,0.25,34
2008-09-18T21:54:11.342,18.1305824,-90.7413866,-53.9,0.5,0.25,48
2008-09-18T21:54:11.448,21.426092,-77.5292194,-27.2,0.5,0.25,46
2008-09-18T21:54:11.582,21.4416562,-77.5305345,-19.3,0.25,0.25,48
2008-09-18T21:54:11.664,21.4472839,-77.5332108,-33.8,0.5,0.25,57
2008-09-18T21:54:11.716,29.9329869,-64.6216828,-36.5,0.5,0.25,81
2008-09-18T21:54:11.845,21.4153329,-77.5313752,-29.8,0.5,0.25,67
2008-09-18T21:54:11.944,21.4152266,-77.5367735,-42.3,0.5,0.25,67
2008-09-18T21:54:12.249,27.0942592,-82.394886,0.0,0.25,0.25,61
2008-09-18T21:54:12.663,41.3684224,-107.1549508,0.0,0.25,0.25,27
2008-09-18T21:54:12.952,8.3073954,-80.1329385,-48.8,0.5,0.25,53
2008-09-18T21:54:13.090,21.4171433,-77.7047775,-19.8,0.5,0.25,46
2008-09-18T21:54:13.262,23.2011054,-88.8010168,-24.1,0.5,0.25,1
2008-09-18T21:54:14.081,14.4309224,-91.1433599,-58.9,0.75,0.25,33
2008-09-18T21:54:14.343,42.2164377,-106.1725505,-32.3,0.25,0.25,73
2008-09-18T21:54:14.764,14.3785287,-91.221993,-48.6,0.75,0.25,33
2008-09-18T21:54:14.928,19.0391915,-90.653058,-37.9,0.75,0.25,18
2008-09-18T21:54:15.052,19.0657047,-90.6511344,-51.1,0.75,0.25,-7
2008-09-18T21:54:16.292,15.2202289,-86.8878408,-387.3,0.75,0.25,52
2008-09-18T21:54:16.343,24.5477745,-65.543133,-13.5,0.75,0.25,-57
2008-09-18T21:54:16.487,27.0743089,-82.377724,-9.8,0.25,0.25,61
2008-09-18T21:54:16.584,27.0739852,-82.3788697,-10.4,0.25,0.25,61
2008-09-18T21:54:16.709,27.0738822,-82.378265,-3.8,0.25,0.25,61
2008-09-18T21:54:16.885,27.0763755,-82.3762925,-4.2,0.25,0.25,61
2008-09-18T21:54:17.083,35.3143335,-112.9463987,-19.6,0.5,0.25,71
2008-09-18T21:54:17.105,35.2965562,-112.9652927,-9.4,0.5,0.25,70
2008-09-18T21:54:17.139,35.3220225,-112.9426701,-15.8,0.5,0.25,71
2008-09-18T21:54:17.181,35.2891575,-112.9666174,-10.5,0.5,0.25,70
2008-09-18T21:54:17.270,22.0707189,-81.1484591,-19.6,0.25,0.25,48
2008-09-18T21:54:17.318,22.0654168,-81.2057597,-31.1,0.5,0.25,75
2008-09-18T21:54:17.361,22.0575893,-81.207124,-24.1,0.5,0.25,44
2008-09-18T21:54:17.921,27.091589,-82.3688107,-4.7,0.25,0.25,61
2008-09-18T21:54:19.016,36.6312979,-103.8992081,0.0,0.25,0.25,-46
2008-09-18T21:54:19.336,25.7040036,-106.090899,-16.5,0.5,0.25,83
2008-09-18T21:54:19.356,21.6350382,-78.1524198,-30.8,0.25,0.25,89
2008-09-18T21:54:20.150,21.6498357,-78.1695163,-35.5,0.25,0.25,89
2008-09-18T21:54:20.596,5.4247045,-80.4658855,-244.6,0.5,0.25,18
2008-09-18T21:54:20.618,21.5935149,-77.9854275,-11.8,0.5,0.25,71
2008-09-18T21:54:20.925,25.7706442,-80.6764196,-13.4,0.5,0.25,73
2008-09-18T21:54:20.996,25.7669569,-80.6705361,-29.8,0.25,0.25,89
2008-09-18T21:54:21.607,18.3414641,-90.7206775,-46.2,0.5,0.25,42
2008-09-18T21:54:21.672,18.307689,-90.7128276,-49.8,0.5,0.25,42
2008-09-18T21:54:21.698,18.3325919,-90.7094579,-50.4,0.75,0.25,-8
2008-09-18T21:54:21.778,18.6440484,-90.6620609,-48.1,0.5,0.25,51
2008-09-18T21:54:21.833,18.6351206,-90.6694878,-52.5,0.25,0.25,41
2008-09-18T21:54:21.870,18.653542,-90.6670946,-54.1,0.75,0.25,-8
2008-09-18T21:54:21.954,25.8760237,-81.5868428,-17.6,0.5,0.25,65
2008-09-18T21:54:22.239,18.3102174,-90.7146533,-74.1,0.75,0.25,-8
2008-09-18T21:54:23.026,27.104301,-82.3516774,-6.6,0.25,0.25,60
2008-09-18T21:54:23.621,18.9325007,-89.9837615,-90.0,0.75,0.25,-2
2008-09-18T21:54:23.735,40.0066531,-105.7467753,-11.5,0.25,0.25,-60
2008-09-18T21:54:23.757,39.4118382,-106.4510381,-30.8,0.25,0.25,82
2008-09-18T21:54:23.779,18.9449869,-89.9547137,-64.7,0.75,0.25,-19
2008-09-18T21:54:23.868,39.9988634,-105.7413958,-29.5,0.25,0.25,-60
2008-09-18T21:54:24.105,20.5072549,-77.0282827,-28.2,0.5,0.25,67
2008-09-18T21:54:24.289,20.5108118,-77.0389583,-31.9,0.5,0.25,69
2008-09-18T21:54:24.428,20.5002984,-77.0479842,-37.2,0.5,0.25,64
2008-09-18T21:54:24.777,20.9776422,-76.092861,-20.6,0.5,0.25,53
2008-09-18T21:54:25.924,38.2848516,-105.479921,-14.8,0.25,0.25,7
2008-09-18T21:54:26.092,21.4133397,-77.3381169,-30.5,0.5,0.25,57
2008-09-18T21:54:26.260,18.5175462,-98.5858362,-50.4,0.75,0.25,45
2008-09-18T21:54:26.394,36.6616134,-103.8384485,-6.0,0.25,0.25,38
2008-09-18T21:54:26.932,15.0111468,-87.5556568,-395.7,0.5,0.25,48
2008-09-18T21:54:27.376,22.1021863,-80.4075923,-27.1,0.5,0.25,45
2008-09-18T21:54:27.797,17.1013907,-89.8322668,-460.9,0.5,0.25,44
2008-09-18T21:54:27.879,23.2071163,-104.559728,0.0,0.5,0.25,-68
2008-09-18T21:54:30.161,18.3854916,-91.3284345,-45.2,0.25,0.25,53
2008-09-18T21:54:30.335,18.3920673,-91.3242233,-43.4,0.25,0.25,53
2008-09-18T21:54:31.758,27.0832497,-82.3779619,-4.7,0.25,0.25,61
2008-09-18T21:54:31.801,18.6487503,-90.0190193,-36.1,0.75,0.25,-9
2008-09-18T21:54:31.940,40.8148893,-106.0814628,-17.8,0.25,0.25,-79
2008-09-18T21:54:31.979,40.811322,-106.0879551,-22.0,0.25,0.25,-80
2008-09-18T21:54:32.023,40.8719364,-106.1603471,-16.5,0.25,0.25,71
2008-09-18T21:54:32.034,37.1210348,-103.2493033,-16.0,0.25,0.25,63
2008-09-18T21:54:32.042,13.8649045,-97.3097971,-51.5,0.5,0.25,59
2008-09-18T21:54:32.490,35.4006171,-113.0106507,-6.1,0.25,0.25,-75
2008-09-18T21:54:33.007,26.1100271,-81.147961,-14.4,0.5,0.25,-82
2008-09-18T21:54:34.842,28.8760293,-65.5829916,-57.2,0.75,0.25,64
2008-09-18T21:54:34.876,31.9652484,-114.4074478,-31.4,0.25,0.25,39
2008-09-18T21:54:35.457,23.2966455,-105.4350967,-25.9,0.75,0.25,-80
2008-09-18T21:54:35.494,23.2802849,-105.1450397,-32.5,0.5,0.25,85
2008-09-18T21:54:35.537,23.2975997,-105.4198435,-26.8,0.5,0.25,-78
2008-09-18T21:54:35.917,14.9529723,-78.6957333,-249.4,0.75,0.25,63
2008-09-18T21:54:35.975,14.9581442,-78.7361648,-42.2,0.25,0.25,73
2008-09-18T21:54:36.035,14.9557855,-78.7038287,-38.9,0.25,0.25,75
NAPLN-LIGHTNING-NAPLN1EX,2008-09-18T21:56:00,2008-09-18T21:54:55
2008-09-18T21:54:36.566,41.2239163,-108.2639101,0.0,0.25,0.25,37
2008-09-18T21:54:36.853,27.0773657,-82.3609446,0.0,0.25,0.25,61
2008-09-18T21:54:37.114,41.3737318,-107.1640981,-12.9,0.25,0.25,27
2008-09-18T21:54:37.163,26.5438002,-92.6530658,-32.9,0.75,0.25,34
2008-09-18T21:54:37.699,38.9613295,-105.4047612,-37.9,0.25,0.25,-21
2008-09-18T21:54:37.824,38.9704279,-105.3842446,-9.8,0.75,0.25,56
2008-09-18T21:54:38.644,25.9483821,-81.0051585,-22.3,0.5,0.25,-72
2008-09-18T21:54:38.683,25.9535214,-80.992842,-23.1,0.5,0.25,67
2008-09-18T21:54:38.750,25.9719709,-80.9549559,-17.7,0.25,0.25,68
2008-09-18T21:54:38.789,25.9410989,-81.0086841,-15.7,0.5,0.25,73
2008-09-18T21:54:39.145,27.0757467,-82.3716433,-15.0,0.25,0.25,61
2008-09-18T21:54:39.233,25.9491747,-81.0244124,-22.8,0.5,0.25,-72
2008-09-18T21:54:39.451,19.1841541,-71.0535705,-43.2,0.75,0.25,-80
2008-09-18T21:54:40.721,42.3931334,-106.0036763,-31.4,0.25,0.25,-56
2008-09-18T21:54:41.489,23.2417804,-88.7983654,-25.0,0.75,0.25,-8
2008-09-18T21:54:42.043,15.0341747,-87.5485691,-375.3,0.5,0.25,49
2008-09-18T21:54:42.051,15.2381066,-86.3427173,-43.0,0.25,0.25,67
2008-09-18T21:54:42.074,15.0177376,-87.5537187,-21.3,0.25,0.25,49
2008-09-18T21:54:42.106,15.213999,-86.3695262,-54.1,0.5,0.25,68
2008-09-18T21:54:42.133,37.0961455,-103.2560321,-7.9,0.25,0.25,71
2008-09-18T21:54:42.659,25.1757608,-78.5884793,-25.9,0.75,0.25,51
2008-09-18T21:54:42.701,25.2137641,-78.5651518,-15.0,0.5,0.25,63
2008-09-18T21:54:42.740,18.9264982,-70.4871698,-44.7,0.75,0.25,-79
2008-09-18T21:54:43.159,18.9183655,-70.4690787,-58.4,0.75,0.25,-79
2008-09-18T21:54:43.788,37.7841305,-106.6402444,-17.2,0.25,0.25,73
2008-09-18T21:54:43.818,37.7589654,-106.5832884,-10.4,0.5,0.25,-39
2008-09-18T21:54:44.034,37.7839758,-106.6402533,-6.7,0.25,0.25,73
2008-09-18T21:54:44.060,38.9887071,-106.4769421,-49.1,0.25,0.25,-53
2008-09-18T21:54:44.077,38.9938378,-106.4735166,-50.3,0.25,0.25,-54
2008-09-18T21:54:44.091,38.9977959,-106.4625896,-24.6,0.75,0.25,56
2008-09-18T21:54:44.100,38.9946765,-106.4576003,-17.4,0.5,0.25,-69
2008-09-18T21:54:44.189,14.5484589,-77.7603282,-245.3,0.75,0.25,65
2008-09-18T21:54:44.246,14.5340678,-77.8059039,-31.6,0.25,0.25,67
2008-09-18T21:54:44.964,24.3083596,-76.4274344,-12.0,0.5,0.25,84
2008-09-18T21:54:45.191,20.8543464,-87.6100834,-21.6,0.5,0.25,15
2008-09-18T21:54:45.245,20.8475225,-87.617435,-29.1,0.5,0.25,14
2008-09-18T21:54:45.328,20.8704777,-87.6255321,-25.9,0.5,0.25,28
2008-09-18T21:54:45.403,20.846231,-87.5815897,-37.0,0.25,0.25,56
2008-09-18T21:54:45.478,20.673801,-87.8066247,-36.6,0.25,0.25,42
2008-09-18T21:54:45.488,20.8542116,-87.6548379,-14.6,0.5,0.25,22
2008-09-18T21:54:45.520,20.6597235,-87.8123412,-28.2,0.25,0.25,44
2008-09-18T21:54:45.557,20.6772511,-87.800603,-20.6,0.5,0.25,19
2008-09-18T21:54:45.600,20.8640929,-87.6034445,-53.0,0.75,0.25,-2
2008-09-18T21:54:45.613,20.6802222,-87.8057162,-44.7,0.25,0.25,34
2008-09-18T21:54:45.759,24.2773388,-76.3967802,-19.3,0.5,0.25,84
2008-09-18T21:54:46.187,36.766877,-103.4752324,0.0,0.25,0.25,-45
2008-09-18T21:54:46.847,35.9576053,-104.3503146,0.0,0.25,0.25,-41
2008-09-18T21:54:46.861,35.9528353,-104.3430834,-12.3,0.25,0.25,-41
2008-09-18T21:54:46.908,35.9458039,-104.3264599,0.0,0.25,0.25,-41
2008-09-18T21:54:47.655,18.3025256,-90.7613355,-60.7,0.75,0.25,-8
2008-09-18T21:54:47.716,18.3174253,-90.7665079,-37.7,0.25,0.25,53
2008-09-18T21:54:47.775,20.9941483,-76.0885571,-16.2,0.5,0.25,53
2008-09-18T21:54:48.838,18.4834962,-90.973607,-51.6,0.75,0.25,-6
2008-09-18T21:54:48.888,19.0250488,-90.6335967,-56.1,0.25,0.25,40
2008-09-18T21:54:48.990,19.0377724,-90.6313523,-20.4,0.75,0.25,19
2008-09-18T21:54:49.035,28.5072412,-109.2559526,-15.2,0.25,0.25,70
2008-09-18T21:54:49.092,24.1096666,-105.5760968,-16.6,0.75,0.25,15
2008-09-18T21:54:49.513,24.0958575,-105.6029174,-57.4,0.5,0.25,-78
2008-09-18T21:54:49.651,24.0878671,-105.5856849,-43.0,0.5,0.25,-78
2008-09-18T21:54:52.765,24.4152655,-105.9827696,-43.8,0.5,0.25,82
2008-09-18T21:54:52.799,24.4284804,-106.0259616,-19.2,0.75,0.25,17
2008-09-18T21:54:52.822,24.4086242,-106.0108846,-18.9,0.75,0.25,-81
2008-09-18T21:54:52.856,24.4118687,-106.0078694,-33.9,0.5,0.25,-80
2008-09-18T21:54:52.888,24.4229522,-106.0115614,-17.4,0.75,0.25,17
2008-09-18T21:54:54.078,21.4233284,-77.4633102,-22.2,0.5,0.25,46
2008-09-18T21:54:54.259,22.0502876,-79.8959462,-42.8,0.5,0.25,57
2008-09-18T21:54:54.705,22.0402307,-79.9203245,-41.5,0.5,0.25,75
2008-09-18T21:54:54.767,22.0548532,-79.887517,-26.3,0.5,0.25,45
2008-09-18T21:54:54.825,22.033299,-79.905387,-31.0,0.5,0.25,73
2008-09-18T21:54:55.347,18.8574165,-103.095884,-62.8,0.75,0.25,47
2008-09-18T21:54:55.487,27.1009639,-82.3727622,-14.4,0.25,0.25,60
2008-09-18T21:54:55.563,27.1010629,-82.3718308,-10.6,0.25,0.25,60
2008-09-18T21:54:55.809,26.2224381,-106.6592129,-11.9,0.75,0.25,-79
2008-09-18T21:54:56.000,14.3671271,-91.1852148,-48.3,0.75,0.25,33
2008-09-18T21:54:56.097,15.8598388,-91.0198685,-36.4,0.5,0.25,44
2008-09-18T21:54:56.187,14.3847267,-91.1855138,-63.1,0.25,0.25,19
2008-09-18T21:54:56.271,25.7673907,-80.7385624,-20.3,0.5,0.25,-64
2008-09-18T21:54:56.314,25.7810979,-80.6828073,-16.7,0.5,0.25,69
2008-09-18T21:54:56.966,20.8942345,-87.6786635,-14.5,0.5,0.25,24
2008-09-18T21:54:57.035,20.8891538,-87.6746933,-16.7,0.5,0.25,15
2008-09-18T21:54:57.976,21.4115743,-77.5319333,-36.8,0.5,0.25,67
2008-09-18T21:54:58.194,27.0533914,-82.321985,-5.9,0.25,0.25,60
2008-09-18T21:54:58.971,27.7640044,-107.3027011,-19.8,0.25,0.25,60
2008-09-18T21:54:59.135,38.9779353,-105.3984133,-17.8,0.25,0.25,-22
2008-09-18T21:54:59.502,38.9628101,-105.4040213,-38.0,0.25,0.25,-21
2008-09-18T21:54:59.624,13.8755374,-102.6513163,-64.7,0.75,0.25,54
2008-09-18T21:55:01.862,29.3554981,-63.6246162,-46.3,0.75,0.25,-71
2008-09-18T21:55:01.986,14.4357283,-91.09771,-30.3,0.5,0.25,62
2008-09-18T21:55:02.502,18.6515003,-90.6479317,-32.0,0.75,0.25,21
2008-09-18T21:55:04.153,36.5649539,-103.6719132,-8.7,0.25,0.25,88
2008-09-18T21:55:04.199,37.4894233,-107.8125532,-12.9,0.25,0.25,-53
2008-09-18T21:55:04.600,20.0812795,-75.8545873,-42.0,0.5,0.25,62
2008-09-18T21:55:04.988,21.3052289,-77.4309041,-22.0,0.25,0.25,75
2008-09-18T21:55:05.382,38.2783348,-105.4607703,-21.6,0.25,0.25,7
2008-09-18T21:55:05.447,38.2784187,-105.4619892,-19.3,0.25,0.25,7
2008-09-18T21:55:05.481,38.2791002,-105.4612835,-11.0,0.25,0.25,7
2008-09-18T21:55:05.549,38.2720943,-105.4631156,-10.7,0.25,0.25,7
2008-09-18T21:55:06.449,27.1024882,-82.3720081,-3.4,0.25,0.25,60
2008-09-18T21:55:06.966,24.3807811,-105.7951537,-35.4,0.25,0.25,85
2008-09-18T21:55:07.243,21.4933983,-77.5168804,-38.3,0.5,0.25,72
2008-09-18T21:55:07.376,36.648245,-103.8948702,-12.0,0.25,0.25,-47
2008-09-18T21:55:07.601,21.4978785,-77.5028945,-29.1,0.25,0.25,-89
2008-09-18T21:55:07.671,21.4815025,-77.5282816,-30.7,0.5,0.25,68
2008-09-18T21:55:07.769,36.6545159,-103.8697533,-13.7,0.25,0.25,-47
2008-09-18T21:55:07.777,21.4837746,-77.5327601,-41.7,0.5,0.25,67
2008-09-18T21:55:08.360,27.0704949,-82.3255005,-3.3,0.25,0.25,60
2008-09-18T21:55:09.047,50.1752856,-90.2127163,-37.7,0.75,0.25,42
2008-09-18T21:55:09.227,24.6411928,-95.5574387,-54.7,0.25,0.25,0
2008-09-18T21:55:09.718,19.0356308,-90.6462569,-26.4,0.75,0.25,22
2008-09-18T21:55:10.878,18.189729,-89.3975884,-34.6,0.25,0.25,48
2008-09-18T21:55:11.008,18.219327,-89.3140579,-45.2,0.25,0.25,43
2008-09-18T21:55:11.298,14.4150849,-91.159548,-62.7,0.5,0.25,60
2008-09-18T21:55:11.408,14.4250799,-91.1752768,-50.1,0.5,0.25,49
2008-09-18T21:55:11.911,14.4633125,-91.1530041,-43.1,0.5,0.25,44
2008-09-18T21:55:12.278,42.0596085,-108.3587141,-18.1,0.25,0.25,31
2008-09-18T21:55:12.378,42.0662544,-108.3552201,-33.5,0.25,0.25,70
2008-09-18T21:55:12.408,42.0701654,-108.3468971,-29.1,0.5,0.25,27
2008-09-18T21:55:12.579,42.0816428,-108.3534483,-15.8,0.5,0.25,18
2008-09-18T21:55:12.622,42.0873161,-108.3491259,-16.1,0.5,0.25,18
2008-09-18T21:55:12.722,17.0568505,-89.8276558,-25.7,0.75,0.25,19
2008-09-18T21:55:12.830,17.0553208,-89.8358564,-45.8,0.5,0.25,44
2008-09-18T21:55:12.871,17.0527604,-89.8190579,-41.7,0.5,0.25,44
2008-09-18T21:55:12.932,17.0668021,-89.8007833,-48.5,0.25,0.25,16
2008-09-18T21:55:12.979,10.7288542,-82.3765313,-39.2,0.75,0.25,28
2008-09-18T21:55:13.008,25.7268903,-106.1195647,-11.8,0.75,0.25,-76
2008-09-18T21:55:14.250,25.9428754,-80.9969009,-12.8,0.5,0.25,54
2008-09-18T21:55:14.316,26.0190316,-80.9566842,-14.7,0.5,0.25,-80
2008-09-18T21:55:14.536,26.0170611,-80.9588857,-27.9,0.5,0.25,67
2008-09-18T21:55:15.454,34.1278426,-107.3127843,-13.1,0.25,0.25,-46
2008-09-18T21:55:17.267,28.5016557,-109.2842463,-17.6,0.25,0.25,62
2008-09-18T21:55:17.810,40.060368,-105.6584603,-23.3,0.25,0.25,-59
2008-09-18T21:55:17.879,31.9765965,-114.3979124,-6.7,0.75,0.25,3
2008-09-18T21:55:17.884,25.9948539,-80.7017353,-20.9,0.5,0.25,-66
2008-09-18T21:55:18.041,40.0606836,-105.6591777,-14.8,0.25,0.25,-59
2008-09-18T21:55:18.085,41.3769497,-107.1755788,-27.8,0.25,0.25,27
2008-09-18T21:55:18.134,41.3763626,-107.1716107,-13.0,0.25,0.25,27
2008-09-18T21:55:18.232,41.3771055,-107.1741262,-12.6,0.25,0.25,27
2008-09-18T21:55:18.320,41.3757866,-107.1742433,-9.9,0.25,0.25,27
2008-09-18T21:55:18.369,21.455317,-77.5215774,-41.0,0.5,0.25,66
2008-09-18T21:55:18.418,41.3748503,-107.1725391,-29.3,0.25,0.25,27
2008-09-18T21:55:18.637,26.525636,-92.6636192,-26.3,0.75,0.25,23
2008-09-18T21:55:19.594,25.777609,-80.7611667,-16.2,0.5,0.25,67
2008-09-18T21:55:20.027,18.9333248,-70.4731555,-45.0,0.75,0.25,-79
2008-09-18T21:55:20.037,21.4556693,-77.2770569,-19.4,0.75,0.25,61
2008-09-18T21:55:20.148,18.93092,-70.4726681,-45.5,0.75,0.25,-79
2008-09-18T21:55:20.693,22.8787253,-104.0000905,-36.7,0.5,0.25,-61
2008-09-18T21:55:21.651,14.9600531,-84.1931285,-341.5,0.5,0.25,53
2008-09-18T21:55:21.700,14.9795839,-84.2029363,-23.9,0.25,0.25,53
2008-09-18T21:55:24.010,35.9281129,-104.1607298,0.0,0.25,0.25,-40
2008-09-18T21:55:24.021,35.9290297,-104.1596519,0.0,0.25,0.25,-40
2008-09-18T21:55:25.184,31.9385059,-114.3286388,0.0,0.75,0.25,3
2008-09-18T21:55:25.862,23.5918615,-105.2334362,-73.6,0.5,0.25,-76
2008-09-18T21:55:27.965,36.6321363,-103.8758455,-6.7,0.25,0.25,-46
2008-09-18T21:55:28.257,27.035184,-82.3419577,-3.3,0.25,0.25,61
2008-09-18T21:55:28.343,24.3456045,-65.9986113,-32.8,0.5,0.25,78
2008-09-18T21:55:28.372,37.3479213,-103.1316412,-6.9,0.25,0.25,61
2008-09-18T21:55:28.413,37.3341262,-103.1125367,-13.9,0.25,0.25,62
2008-09-18T21:55:28.453,19.5597164,-70.7039447,-58.6,0.5,0.25,61
2008-09-18T21:55:29.283,28.2559617,-70.4566299,-32.0,0.75,0.25,-89
2008-09-18T21:55:29.360,15.2384771,-86.3778248,-390.8,0.5,0.25,49
2008-09-18T21:55:29.382,25.7021287,-106.1097499,-13.7,0.75,0.25,-76
2008-09-18T21:55:29.426,31.979495,-114.3924847,-9.0,0.75,0.25,25
2008-09-18T21:55:29.532,15.2302702,-86.3564981,-35.9,0.75,0.25,-4
2008-09-18T21:55:29.763,19.0474368,-90.6402531,-33.9,0.5,0.25,45
2008-09-18T21:55:29.857,19.0269157,-90.655295,-20.4,0.75,0.25,20
2008-09-18T21:55:29.912,22.7584573,-103.8643209,-33.4,0.5,0.25,-58
2008-09-18T21:55:30.071,21.5736238,-77.9789069,-53.5,0.5,0.25,85
2008-09-18T21:55:30.091,37.0908451,-103.2415087,-17.4,0.25,0.25,61
2008-09-18T21:55:30.113,21.5594366,-77.9996179,-25.6,0.5,0.25,70
2008-09-18T21:55:30.162,37.1055957,-103.2504326,-14.2,0.25,0.25,64
2008-09-18T21:55:30.258,21.5894769,-78.0221592,-22.0,0.5,0.25,46
2008-09-18T21:55:30.334,21.5870468,-78.0052654,-26.3,0.5,0.25,69
2008-09-18T21:55:30.449,21.5815144,-78.0155924,-27.0,0.5,0.25,69
2008-09-18T21:55:30.538,18.2766453,-90.7489364,-29.1,0.5,0.25,46
2008-09-18T21:55:30.622,34.9684409,-104.6763436,-14.3,0.25,0.25,-77
2008-09-18T21:55:30.762,34.9733235,-104.6837028,-10.6,0.25,0.25,-76
2008-09-18T21:55:30.970,25.9925144,-80.6694584,-14.5,0.25,0.25,69
2008-09-18T21:55:31.005,18.2845362,-90.7576511,-53.6,0.5,0.25,37
2008-09-18T21:55:31.367,24.5901122,-95.55061,-25.9,0.75,0.25,24
2008-09-18T21:55:31.410,18.272105,-90.7648981,-31.2,0.75,0.25,22
2008-09-18T21:55:31.427,14.4204897,-91.4533673,-48.3,0.25,0.25,19
2008-09-18T21:55:31.475,18.6418668,-90.6658297,-39.7,0.75,0.25,19
2008-09-18T21:55:31.511,20.9214744,-76.5874724,-28.5,0.5,0.25,62
2008-09-18T21:55:31.692,18.6414654,-90.6683339,-27.2,0.25,0.25,41
2008-09-18T21:55:31.722,18.6324464,-90.6803383,-25.8,0.75,0.25,21
2008-09-18T21:55:32.349,29.8127537,-86.0460516,-8.5,0.5,0.25,-1
2008-09-18T21:55:32.396,19.4334188,-101.2839595,-45.6,0.5,0.25,52
2008-09-18T21:55:32.768,25.8972334,-81.1321733,-13.0,0.25,0.25,59
2008-09-18T21:55:34.430,27.0972505,-82.4082529,-14.9,0.25,0.25,62
2008-09-18T21:55:34.511,27.0445897,-82.3771847,-5.3,0.25,0.25,62
2008-09-18T21:55:34.605,39.928137,-110.0372838,-16.9,0.75,0.25,51
2008-09-18T21:55:34.744,18.5449694,-102.9517257,-65.6,0.75,0.25,46
2008-09-18T21:55:35.658,20.5390353,-77.0799602,-31.5,0.5,0.25,61
2008-09-18T21:55:36.666,40.8051398,-106.0714892,-49.9,0.25,0.25,-75
2008-09-18T21:55:36.682,40.8073509,-106.0740037,-17.0,0.25,0.25,-48
2008-09-18T21:55:36.712,40.8126604,-106.0870819,-23.2,0.25,0.25,-80
2008-09-18T21:55:36.724,40.7987242,-106.1018645,-14.5,0.25,0.25,28
2008-09-18T21:55:36.799,40.8138168,-106.0681035,-26.0,0.25,0.25,-74
2008-09-18T21:55:36.938,40.8155646,-106.0828987,-16.0,0.25,0.25,-79
NAPLN-LIGHTNING-NAPLN1EX,2008-09-18T21:57:00,2008-09-18T21:55:55
2008-09-18T21:55:37.018,40.8140964,-106.0837236,-12.0,0.25,0.25,-79
2008-09-18T21:55:37.038,36.7849116,-103.4887189,-13.9,0.25,0.25,-46
2008-09-18T21:55:37.063,36.7788213,-103.4707854,-18.2,0.25,0.25,-45
2008-09-18T21:55:37.097,36.7829469,-103.474046,-16.8,0.25,0.25,-46
2008-09-18T21:55:37.142,36.7882515,-103.4861452,-13.0,0.25,0.25,-46
2008-09-18T21:55:37.177,36.7821573,-103.4738902,-10.3,0.25,0.25,-46
2008-09-18T21:55:37.212,36.7832212,-103.4903509,-13.6,0.25,0.25,-46
2008-09-18T21:55:37.238,36.7821328,-103.4722957,-11.4,0.25,0.25,-46
2008-09-18T21:55:39.793,38.0673746,-105.619772,-7.7,0.75,0.25,79
2008-09-18T21:55:40.778,19.0497458,-90.6364253,-38.2,0.75,0.25,13
2008-09-18T21:55:41.986,31.9792784,-114.3401827,0.0,0.75,0.25,2
2008-09-18T21:55:42.085,15.0817495,-84.8163157,-60.8,0.25,0.25,15
2008-09-18T21:55:42.173,15.0687483,-84.82263,-30.7,0.5,0.25,70
2008-09-18T21:55:42.212,15.0596068,-84.8342563,-23.3,0.25,0.25,51
2008-09-18T21:55:42.406,25.2005776,-78.5597739,-43.1,0.5,0.25,63
2008-09-18T21:55:42.449,25.2031965,-78.5573913,-15.6,0.5,0.25,63
2008-09-18T21:55:42.681,17.0676768,-99.3047394,-102.4,0.75,0.25,44
2008-09-18T21:55:42.780,17.1004003,-99.2884599,-50.4,0.75,0.25,23
2008-09-18T21:55:42.954,18.3659799,-91.3502551,-25.5,0.75,0.25,22
2008-09-18T21:55:42.995,42.3761687,-106.0407154,-21.4,0.75,0.25,49
2008-09-18T21:55:43.015,18.3931965,-91.3313222,-34.9,0.25,0.25,53
2008-09-18T21:55:43.047,18.3836314,-91.3347716,-28.6,0.75,0.25,23
2008-09-18T21:55:43.069,18.3889069,-91.3344956,-37.6,0.75,0.25,-7
2008-09-18T21:55:43.095,18.3985822,-91.3363448,-39.1,0.75,0.25,-7
2008-09-18T21:55:43.187,18.3682748,-91.3437864,-29.8,0.75,0.25,22
2008-09-18T21:55:44.614,41.3962518,-107.1687336,-10.4,0.25,0.25,27
2008-09-18T21:55:44.686,41.3523825,-107.1727354,-14.3,0.25,0.25,27
2008-09-18T21:55:45.056,21.6523149,-78.1704397,-20.1,0.5,0.25,46
2008-09-18T21:55:45.340,41.6541623,-105.1553703,-20.0,0.25,0.25,30
2008-09-18T21:55:45.398,41.6670806,-105.1643689,-14.3,0.25,0.25,-19
2008-09-18T21:55:45.555,27.0877835,-82.386328,-4.7,0.25,0.25,61
2008-09-18T21:55:45.811,27.076336,-82.358932,-6.7,0.25,0.25,61
2008-09-18T21:55:46.124,18.6441453,-90.6490289,-30.2,0.75,0.25,21
2008-09-18T21:55:46.193,18.6509695,-90.6423692,-23.4,0.75,0.25,19
2008-09-18T21:55:46.218,18.6656394,-90.6449694,-38.3,0.75,0.25,-8
2008-09-18T21:55:46.254,18.6546675,-90.642801,-51.5,0.75,0.25,-8
2008-09-18T21:55:46.295,18.6338604,-90.6591613,-39.5,0.25,0.25,41
2008-09-18T21:55:46.469,18.6526333,-90.6382013,-41.7,0.25,0.25,41
2008-09-18T21:55:46.837,24.5304744,-65.5006994,-33.7,0.75,0.25,69
2008-09-18T21:55:46.878,24.5358713,-65.5192879,-20.0,0.5,0.25,78
2008-09-18T21:55:47.810,36.6375355,-103.8078054,-6.4,0.25,0.25,-46
2008-09-18T21:55:48.116,34.9913106,-104.7283222,-12.3,0.25,0.25,-74
2008-09-18T21:55:48.310,34.9985102,-104.6813561,-9.5,0.25,0.25,-76
2008-09-18T21:55:48.454,27.0673156,-82.3124055,-4.0,0.25,0.25,59
2008-09-18T21:55:48.540,24.278723,-71.4800087,-34.3,0.25,0.25,65
2008-09-18T21:55:48.796,27.0911787,-82.3856403,-18.2,0.25,0.25,61
2008-09-18T21:55:48.849,14.7483825,-78.6485994,-241.2,0.5,0.25,60
2008-09-18T21:55:48.860,27.093029,-82.3846332,-9.4,0.25,0.25,61
2008-09-18T21:55:48.879,20.8648009,-87.6207787,-22.1,0.5,0.25,21
2008-09-18T21:55:48.895,27.0930117,-82.3834927,-13.6,0.25,0.25,61
2008-09-18T21:55:48.937,20.876672,-87.6244518,-16.5,0.5,0.25,16
2008-09-18T21:55:48.956,27.0920776,-82.3841934,-15.6,0.25,0.25,61
2008-09-18T21:55:49.017,20.8813698,-87.637396,-58.5,0.75,0.25,-2
2008-09-18T21:55:49.062,27.0938611,-82.3835831,-13.7,0.25,0.25,61
2008-09-18T21:55:49.185,42.484901,-105.9485459,-29.4,0.25,0.25,71
2008-09-18T21:55:49.243,25.7354667,-80.6732146,-9.2,0.75,0.25,77
2008-09-18T21:55:49.294,14.7456801,-78.626356,-238.4,0.5,0.25,66
2008-09-18T21:55:49.576,20.8191332,-87.6068092,-13.9,0.5,0.25,23
2008-09-18T21:55:50.015,22.1205403,-80.3970703,-11.0,0.5,0.25,52
2008-09-18T21:55:50.093,22.1869421,-80.2084908,-33.4,0.25,0.25,52
2008-09-18T21:55:50.539,39.4127525,-106.3456447,0.0,0.25,0.25,80
2008-09-18T21:55:50.562,39.4121174,-106.3459443,-13.6,0.25,0.25,80
2008-09-18T21:55:52.373,14.4334293,-91.0977156,-69.8,0.5,0.25,60
2008-09-18T21:55:52.996,19.0477995,-89.5189167,-26.0,0.75,0.25,17
2008-09-18T21:55:53.413,14.434516,-91.0973745,-52.2,0.75,0.25,46
2008-09-18T21:55:53.614,14.7006055,-85.3328187,-342.4,0.5,0.25,51
2008-09-18T21:55:53.710,21.595148,-78.0044657,-32.1,0.5,0.25,83
2008-09-18T21:55:54.487,19.0425551,-90.6575519,-26.6,0.75,0.25,22
2008-09-18T21:55:54.546,19.0496518,-90.6204505,-19.8,0.75,0.25,19
2008-09-18T21:55:56.365,22.1644065,-80.2464361,-18.9,0.5,0.25,44
2008-09-18T21:55:56.829,27.0623727,-82.3291918,-6.3,0.25,0.25,81
2008-09-18T21:55:57.797,49.827244,-89.8767444,-27.9,0.25,0.25,15
2008-09-18T21:55:58.993,25.8975722,-81.5464433,0.0,0.5,0.25,65
2008-09-18T21:55:59.333,21.4127187,-77.5318886,-39.4,0.5,0.25,72
2008-09-18T21:55:59.601,14.6261089,-87.6723431,-377.4,0.5,0.25,49
2008-09-18T21:55:59.789,25.7326954,-106.1028358,-67.3,0.5,0.25,83
2008-09-18T21:56:00.681,38.9793622,-105.4355557,-7.7,0.25,0.25,-22
2008-09-18T21:56:00.895,20.8854682,-87.6855326,-17.2,0.5,0.25,15
2008-09-18T21:56:00.946,20.8888828,-87.6848951,-23.1,0.5,0.25,15
2008-09-18T21:56:00.982,20.8980915,-87.6838081,-12.9,0.5,0.25,23
2008-09-18T21:56:02.220,17.1528696,-89.7593319,-43.5,0.25,0.25,58
2008-09-18T21:56:02.734,17.1496275,-89.7582216,-39.7,0.75,0.25,-2
2008-09-18T21:56:02.912,42.3342735,-105.9270205,-21.4,0.25,0.25,69
2008-09-18T21:56:03.300,27.1079324,-82.3660461,-12.2,0.25,0.25,60
2008-09-18T21:56:03.311,21.7826029,-103.5786525,-21.1,0.5,0.25,-46
2008-09-18T21:56:03.441,38.2829838,-105.448519,-21.8,0.25,0.25,7
2008-09-18T21:56:03.633,38.253689,-105.4895862,-10.8,0.25,0.25,7
2008-09-18T21:56:04.129,23.2060483,-88.8002539,-29.9,0.5,0.25,20
2008-09-18T21:56:04.142,25.9632889,-80.8411405,-24.1,0.5,0.25,67
2008-09-18T21:56:04.341,25.9764342,-80.8436346,-15.6,0.25,0.25,64
2008-09-18T21:56:05.109,17.1966885,-92.1426692,-46.2,0.75,0.25,-7
2008-09-18T21:56:07.015,42.0150203,-108.5442997,-24.6,0.25,0.25,28
2008-09-18T21:56:08.130,35.9077862,-104.267697,-7.7,0.25,0.25,-40
2008-09-18T21:56:08.813,20.9878302,-76.1314618,-41.7,0.5,0.25,65
2008-09-18T21:56:09.730,15.1702648,-87.6122192,-35.6,0.75,0.25,-3
2008-09-18T21:56:10.393,27.0910811,-82.3797731,0.0,0.25,0.25,61
2008-09-18T21:56:11.147,22.1267678,-80.2921092,-33.8,0.25,0.25,85
2008-09-18T21:56:11.521,13.9452659,-96.961478,-89.5,0.75,0.25,40
2008-09-18T21:56:11.606,13.8627696,-97.2811205,-40.0,0.5,0.25,58
2008-09-18T21:56:11.921,38.8453082,-105.0951922,-8.9,0.25,0.25,-2
2008-09-18T21:56:12.196,38.8442796,-105.1009049,-9.0,0.25,0.25,-2
2008-09-18T21:56:12.290,27.0768502,-82.3192491,-4.0,0.25,0.25,59
2008-09-18T21:56:12.535,36.6651428,-103.9421753,0.0,0.25,0.25,-47
2008-09-18T21:56:12.630,18.6304354,-90.1304988,-42.0,0.75,0.25,18
2008-09-18T21:56:12.742,39.5578114,-109.2355001,-16.2,0.5,0.25,50
2008-09-18T21:56:13.103,27.0512717,-82.3862344,-11.0,0.25,0.25,62
2008-09-18T21:56:13.206,18.8891523,-90.0323104,-19.5,0.75,0.25,19
2008-09-18T21:56:13.382,18.9059016,-89.997881,-30.1,0.75,0.25,18
2008-09-18T21:56:13.435,18.9177917,-89.9878623,-19.4,0.75,0.25,19
2008-09-18T21:56:13.562,18.8971004,-89.9989575,-22.0,0.75,0.25,18
2008-09-18T21:56:13.652,18.9168224,-89.9934676,-38.1,0.75,0.25,-9
2008-09-18T21:56:13.899,14.9597629,-84.2198866,-43.3,0.5,0.25,81
2008-09-18T21:56:14.012,14.9467465,-84.1725272,-59.1,0.25,0.25,69
2008-09-18T21:56:15.467,22.0674505,-79.9098733,-39.8,0.5,0.25,75
2008-09-18T21:56:16.223,19.0407062,-90.6281992,-18.8,0.75,0.25,19
2008-09-18T21:56:17.846,25.1737987,-78.5843672,-24.6,0.75,0.25,51
2008-09-18T21:56:17.881,25.1913197,-78.561802,-16.4,0.5,0.25,63
2008-09-18T21:56:17.940,25.1708657,-78.5874777,-10.3,0.25,0.25,77
2008-09-18T21:56:18.069,25.2042174,-78.5497459,-33.7,0.5,0.25,67
2008-09-18T21:56:18.265,17.1857478,-89.8555793,-29.9,0.75,0.25,20
2008-09-18T21:56:18.772,39.9242508,-110.0352728,-19.4,0.75,0.25,51
2008-09-18T21:56:18.829,39.919971,-110.0416007,-17.3,0.75,0.25,51
2008-09-18T21:56:19.224,18.3226132,-90.7056456,-77.0,0.75,0.25,-8
2008-09-18T21:56:19.408,18.3021458,-90.7180472,-44.0,0.5,0.25,37
2008-09-18T21:56:19.475,18.2912146,-90.7701546,-39.8,0.75,0.25,-8
2008-09-18T21:56:19.581,18.6836041,-90.6327535,-39.3,0.25,0.25,41
2008-09-18T21:56:19.618,18.283436,-90.7784642,-33.8,0.75,0.25,21
2008-09-18T21:56:19.660,18.6622122,-90.6372626,-36.5,0.25,0.25,60
2008-09-18T21:56:19.748,18.6547578,-90.6375064,-50.1,0.25,0.25,41
2008-09-18T21:56:19.969,41.1769398,-107.265325,-78.8,0.25,0.25,30
2008-09-18T21:56:20.005,41.2046967,-107.2261817,-11.9,0.25,0.25,36
2008-09-18T21:56:21.056,31.9814361,-114.4061399,-13.7,0.75,0.25,7
2008-09-18T21:56:21.246,38.8272492,-105.0886315,-10.2,0.25,0.25,0
2008-09-18T21:56:21.719,13.4718266,-102.870128,-60.6,0.75,0.25,53
2008-09-18T21:56:22.106,15.1948829,-86.4454731,-383.2,0.5,0.25,51
2008-09-18T21:56:22.233,15.2712569,-86.3780754,-371.4,0.5,0.25,50
2008-09-18T21:56:22.351,36.5914508,-103.8016108,-8.1,0.25,0.25,-45
2008-09-18T21:56:22.372,24.014516,-105.6081867,-21.0,0.5,0.25,82
2008-09-18T21:56:22.396,36.5892178,-103.818435,-8.6,0.25,0.25,-45
2008-09-18T21:56:22.442,36.5935533,-103.7911991,-15.5,0.5,0.25,-34
2008-09-18T21:56:22.581,36.5981605,-103.7878503,-9.3,0.25,0.25,-45
2008-09-18T21:56:22.639,36.599627,-103.7868046,-8.1,0.25,0.25,-45
2008-09-18T21:56:22.723,36.596914,-103.7895705,-11.7,0.25,0.25,-45
2008-09-18T21:56:22.822,36.5995279,-103.786915,-7.3,0.25,0.25,-45
2008-09-18T21:56:23.088,42.0048839,-108.2729204,-19.7,0.25,0.25,31
2008-09-18T21:56:23.412,36.7563335,-103.4585108,-28.5,0.25,0.25,-44
2008-09-18T21:56:23.453,36.7566232,-103.456461,-18.0,0.25,0.25,-44
2008-09-18T21:56:23.474,36.7338265,-103.48664,-7.8,0.25,0.25,86
2008-09-18T21:56:23.520,36.7587416,-103.4547554,-25.2,0.25,0.25,-44
2008-09-18T21:56:24.560,35.4418208,-104.3548105,-41.9,0.25,0.25,-75
2008-09-18T21:56:24.800,19.6717307,-70.6911343,-353.4,0.5,0.25,88
2008-09-18T21:56:26.863,14.4135546,-91.0797888,-41.2,0.75,0.25,33
2008-09-18T21:56:26.981,24.6827527,-75.606479,-85.6,0.5,0.25,88
2008-09-18T21:56:27.191,24.6833206,-75.6102071,-21.5,0.5,0.25,88
2008-09-18T21:56:27.233,24.69149,-75.6027649,-16.9,0.5,0.25,88
2008-09-18T21:56:27.660,35.9527029,-104.0590216,-10.9,0.25,0.25,-47
2008-09-18T21:56:27.678,35.948041,-104.052834,-7.1,0.25,0.25,-39
2008-09-18T21:56:27.885,15.2478172,-86.8337525,-55.1,0.25,0.25,66
2008-09-18T21:56:29.127,32.0985429,-116.1253907,-16.1,0.75,0.25,30
2008-09-18T21:56:29.196,32.0807779,-116.0324326,-37.0,0.5,0.25,61
2008-09-18T21:56:29.700,18.7426638,-70.441241,-334.6,0.5,0.25,88
2008-09-18T21:56:30.427,20.6681491,-87.8079674,-76.1,0.25,0.25,62
2008-09-18T21:56:30.483,20.6655462,-87.7803684,-35.9,0.25,0.25,43
2008-09-18T21:56:30.519,24.5768533,-95.5456756,-31.8,0.75,0.25,20
2008-09-18T21:56:30.540,20.6649071,-87.8042568,-26.5,0.25,0.25,51
2008-09-18T21:56:30.579,24.5981611,-95.511967,-26.4,0.75,0.25,13
2008-09-18T21:56:30.764,24.5982376,-95.5279166,-47.4,0.75,0.25,14
2008-09-18T21:56:31.308,35.3186581,-112.9386536,-55.5,0.5,0.25,71
2008-09-18T21:56:31.330,35.3137376,-112.9348457,-15.0,0.5,0.25,71
2008-09-18T21:56:31.344,35.3149159,-112.9281608,-11.1,0.5,0.25,71
2008-09-18T21:56:31.353,35.3126523,-112.9547239,-8.9,0.25,0.25,9
2008-09-18T21:56:31.381,35.33415,-112.9435037,-11.1,0.25,0.25,-77
2008-09-18T21:56:31.861,20.906075,-87.684441,-36.6,0.25,0.25,50
2008-09-18T21:56:31.924,20.9179836,-87.6675535,-49.7,0.75,0.25,40
2008-09-18T21:56:32.196,42.3973484,-106.0227707,-30.1,0.25,0.25,71
2008-09-18T21:56:32.252,27.1115669,-82.4171737,-3.8,0.25,0.25,81
2008-09-18T21:56:32.322,20.899305,-87.6845296,-14.1,0.5,0.25,22
2008-09-18T21:56:32.627,25.8873682,-81.5878913,-13.2,0.5,0.25,65
2008-09-18T21:56:32.676,16.3441301,-92.6713215,-57.5,0.75,0.25,25
2008-09-18T21:56:32.701,25.8879748,-81.5691039,-15.5,0.5,0.25,65
2008-09-18T21:56:32.758,25.8885511,-81.5692088,-7.3,0.5,0.25,65
2008-09-18T21:56:32.897,37.337671,-103.1119248,-7.3,0.25,0.25,61
2008-09-18T21:56:32.937,37.3155899,-103.1095483,-18.0,0.25,0.25,44
2008-09-18T21:56:32.976,37.3191024,-103.1071314,-10.9,0.25,0.25,44
2008-09-18T21:56:34.460,23.0351137,-104.935199,-56.7,0.5,0.25,-72
2008-09-18T21:56:34.631,27.0861845,-82.3714956,-14.7,0.25,0.25,61
2008-09-18T21:56:34.744,14.4196091,-91.6900407,-40.4,0.5,0.25,48
2008-09-18T21:56:34.932,14.4186298,-91.6765738,-51.0,0.5,0.25,44
2008-09-18T21:56:35.308,19.5047621,-70.6681643,-54.3,0.75,0.25,-80
2008-09-18T21:56:35.431,40.9235311,-107.3553893,-11.2,0.25,0.25,34
2008-09-18T21:56:35.630,49.8402989,-89.8907278,-29.4,0.5,0.25,31
2008-09-18T21:56:35.899,27.0935168,-82.3659691,-4.2,0.25,0.25,81
2008-09-18T21:56:36.071,19.0960377,-71.2679048,-105.2,0.25,0.25,72
2008-09-18T21:56:36.107,19.1977703,-71.0602575,-44.5,0.75,0.25,-80
2008-09-18T21:56:36.134,49.9448483,-89.969516,-33.1,0.5,0.25,30
2008-09-18T21:56:36.654,19.0436606,-90.6520905,-35.9,0.75,0.25,18
2008-09-18T21:56:37.093,21.4702267,-77.4932293,-36.1,0.5,0.25,72
NAPLN-LIGHTNING-NAPLN1EX,2008-09-18T21:58:00,2008-09-18T21:56:55
2008-09-18T21:56:37.662,20.493792,-77.0494922,-28.5,0.5,0.25,79
2008-09-18T21:56:37.769,20.4890811,-77.0538435,-40.4,0.5,0.25,69
2008-09-18T21:56:38.080,27.0996737,-82.3382974,-3.4,0.25,0.25,59
2008-09-18T21:56:39.797,27.0738068,-82.3175397,-5.2,0.25,0.25,81
2008-09-18T21:56:41.096,14.3588945,-91.1763319,-73.8,0.5,0.25,60
2008-09-18T21:56:41.120,15.2301311,-86.3414543,-28.5,0.5,0.25,54
2008-09-18T21:56:41.213,14.3901505,-91.170516,-52.2,0.25,0.25,19
2008-09-18T21:56:41.423,15.2285142,-86.3467773,-60.6,0.25,0.25,66
2008-09-18T21:56:42.860,26.013922,-80.9690764,-48.6,0.5,0.25,-80
2008-09-18T21:56:43.550,26.0282649,-80.9432512,-13.3,0.5,0.25,-79
2008-09-18T21:56:43.738,26.0310558,-80.9436429,-17.7,0.5,0.25,-80
2008-09-18T21:56:43.930,38.8674776,-105.3521209,-6.2,0.25,0.25,-12
2008-09-18T21:56:44.380,24.956645,-105.1092229,-24.4,0.5,0.25,88
2008-09-18T21:56:44.466,27.0412567,-82.333621,-4.5,0.25,0.25,61
2008-09-18T21:56:45.052,24.4250218,-105.9999942,-25.0,0.25,0.25,83
2008-09-18T21:56:45.332,35.0675983,-104.5405365,-11.3,0.25,0.25,-77
2008-09-18T21:56:46.569,26.2299127,-106.6333696,-50.1,0.5,0.25,81
2008-09-18T21:56:47.558,41.1276626,-107.1846627,0.0,0.5,0.25,-12
2008-09-18T21:56:47.609,41.1216253,-107.1784226,-17.6,0.25,0.25,29
2008-09-18T21:56:47.646,41.1054111,-107.2003211,-17.0,0.25,0.25,30
2008-09-18T21:56:47.705,41.144653,-107.2118643,-13.2,0.25,0.25,29
2008-09-18T21:56:48.069,38.9942946,-106.489021,-15.8,0.25,0.25,-43
2008-09-18T21:56:48.748,17.0863251,-89.8075845,-24.6,0.5,0.25,48
2008-09-18T21:56:48.784,17.0998803,-89.8049637,-37.0,0.5,0.25,44
2008-09-18T21:56:48.839,18.3150045,-90.7757227,-64.8,0.5,0.25,42
2008-09-18T21:56:48.905,18.307011,-90.7733094,-35.1,0.25,0.25,53
2008-09-18T21:56:49.155,17.0870155,-89.8061556,-47.6,0.75,0.25,-2
2008-09-18T21:56:50.256,27.0868048,-82.3486159,0.0,0.25,0.25,60
2008-09-18T21:56:51.240,18.925776,-89.9946437,-41.4,0.5,0.25,14
2008-09-18T21:56:51.617,18.9335877,-90.0041654,-19.1,0.75,0.25,18
2008-09-18T21:56:52.676,27.070462,-82.3350643,-4.2,0.25,0.25,60
2008-09-18T21:56:53.277,21.6148462,-77.9977577,-42.7,0.5,0.25,61
2008-09-18T21:56:53.676,24.4043376,-76.0374009,-68.1,0.5,0.25,86
2008-09-18T21:56:54.146,35.3998961,-112.9998019,0.0,0.5,0.25,70
2008-09-18T21:56:54.233,28.8909378,-65.5996625,-25.5,0.75,0.25,77
2008-09-18T21:56:54.672,21.5074545,-77.8727689,-27.3,0.5,0.25,72
2008-09-18T21:56:54.962,21.6194576,-77.7819684,-34.7,0.25,0.25,-89
2008-09-18T21:56:56.311,34.9602408,-104.7097009,-10.3,0.25,0.25,-76
2008-09-18T21:56:56.374,34.9983487,-104.7108843,-10.9,0.5,0.25,-31
2008-09-18T21:56:57.015,51.3484096,-90.2127954,-20.6,0.25,0.25,-14
2008-09-18T21:56:57.452,27.0623143,-82.3755942,-12.7,0.25,0.25,61
2008-09-18T21:56:57.601,27.0626037,-82.3856278,0.0,0.25,0.25,62
2008-09-18T21:56:57.613,27.0621907,-82.3696812,-14.9,0.25,0.25,61
2008-09-18T21:56:57.644,27.0636336,-82.3687319,-6.2,0.25,0.25,61
2008-09-18T21:56:57.806,27.0628972,-82.3691317,-4.7,0.25,0.25,61
2008-09-18T21:56:57.918,27.0628185,-82.3685174,-9.2,0.25,0.25,61
2008-09-18T21:56:58.015,27.0628699,-82.3697439,-6.1,0.25,0.25,61
2008-09-18T21:56:58.098,41.7782789,-107.2702989,-18.3,0.25,0.25,26
2008-09-18T21:56:58.115,41.7810106,-107.2676162,-9.1,0.25,0.25,26
2008-09-18T21:56:58.151,41.7791001,-107.2684563,-26.0,0.25,0.25,26
2008-09-18T21:56:58.233,41.7866771,-107.2609119,-13.7,0.25,0.25,26
2008-09-18T21:56:59.424,23.3310614,-105.3340924,-44.0,0.5,0.25,-77
2008-09-18T21:56:59.547,23.2974184,-105.3533756,-24.4,0.75,0.25,-79
2008-09-18T21:56:59.777,24.5887447,-95.5507613,-34.6,0.75,0.25,18
2008-09-18T21:57:00.995,29.8071684,-86.0184292,-12.1,0.75,0.25,57
2008-09-18T21:57:01.961,25.9010586,-81.0823781,-21.5,0.5,0.25,-73
2008-09-18T21:57:02.263,20.5501188,-76.493982,-51.5,0.5,0.25,58
2008-09-18T21:57:02.859,25.9184489,-81.0453833,-19.2,0.5,0.25,68
2008-09-18T21:57:03.047,39.9363394,-110.0025696,-28.7,0.5,0.25,51
2008-09-18T21:57:03.109,39.9271281,-110.040321,-21.8,0.75,0.25,51
2008-09-18T21:57:03.173,39.9276719,-110.0423141,-14.5,0.75,0.25,51
2008-09-18T21:57:03.758,22.7552191,-103.8286224,-43.7,0.5,0.25,-58
2008-09-18T21:57:03.874,22.7787241,-103.8026888,-25.6,0.5,0.25,-58
2008-09-18T21:57:04.040,22.7826592,-103.8100801,-24.2,0.5,0.25,-58
2008-09-18T21:57:04.242,40.8983284,-107.360772,-15.1,0.25,0.25,35
2008-09-18T21:57:05.304,18.273863,-90.7395002,-26.6,0.75,0.25,19
2008-09-18T21:57:05.405,18.3071574,-90.7301023,-37.7,0.25,0.25,53
2008-09-18T21:57:05.678,18.2986093,-90.7635876,-50.0,0.25,0.25,57
2008-09-18T21:57:05.791,27.0698858,-82.3683688,-4.5,0.25,0.25,61
2008-09-18T21:57:05.839,18.3622376,-91.3340442,-73.8,0.5,0.25,42
2008-09-18T21:57:05.866,18.3751879,-91.3359104,-25.9,0.5,0.25,45
2008-09-18T21:57:06.349,41.9994061,-108.2678596,-16.2,0.25,0.25,31
2008-09-18T21:57:06.417,42.0024062,-108.2554893,-10.6,0.5,0.25,-32
2008-09-18T21:57:07.098,22.1476571,-79.9030393,-42.2,0.5,0.25,57
2008-09-18T21:57:07.210,19.5673337,-101.1168674,-46.6,0.5,0.25,52
2008-09-18T21:57:08.031,25.9382126,-80.6684519,0.0,0.5,0.25,-65
2008-09-18T21:57:08.763,22.2370927,-80.831727,-42.0,0.25,0.25,41
2008-09-18T21:57:08.809,26.0364551,-81.2159025,-13.2,0.5,0.25,67
2008-09-18T21:57:08.907,14.4531004,-91.1151026,-57.6,0.5,0.25,44
2008-09-18T21:57:08.981,14.4480953,-91.1125269,-65.3,0.25,0.25,35
2008-09-18T21:57:09.103,14.4522905,-91.1127711,-52.9,0.5,0.25,60
2008-09-18T21:57:09.602,19.0512712,-90.6063421,-35.7,0.75,0.25,32
2008-09-18T21:57:09.662,19.0507139,-90.6136561,-31.1,0.5,0.25,45
2008-09-18T21:57:09.692,19.2270174,-71.1055541,-29.2,0.75,0.25,52
2008-09-18T21:57:09.777,19.0407154,-90.6130833,-30.0,0.5,0.25,45
2008-09-18T21:57:10.018,21.4843649,-77.5175495,-24.8,0.5,0.25,46
2008-09-18T21:57:10.218,19.0892276,-90.6271446,-44.8,0.75,0.25,-8
2008-09-18T21:57:10.950,37.3300692,-103.0840181,-10.1,0.25,0.25,42
2008-09-18T21:57:11.030,37.3510078,-103.0949489,-7.9,0.25,0.25,60
2008-09-18T21:57:11.809,18.045957,-101.516776,-78.6,0.75,0.25,46
2008-09-18T21:57:12.109,24.5619013,-65.4646876,-32.4,0.5,0.25,77
2008-09-18T21:57:12.141,24.5691079,-65.4822921,-17.1,0.75,0.25,-57
2008-09-18T21:57:12.701,7.5981836,-60.3332132,-68.5,0.75,0.25,13
2008-09-18T21:57:12.732,18.8881062,-69.4230862,-20.8,0.25,0.25,77
2008-09-18T21:57:14.446,36.7488357,-103.466115,-28.9,0.25,0.25,-44
2008-09-18T21:57:14.617,36.7525962,-103.4633294,-10.0,0.25,0.25,-44
2008-09-18T21:57:14.656,36.7518614,-103.4619683,-18.6,0.25,0.25,-44
2008-09-18T21:57:14.749,36.7528793,-103.4628351,-20.0,0.25,0.25,-44
2008-09-18T21:57:15.127,24.6674879,-75.6267735,-37.1,0.5,0.25,88
2008-09-18T21:57:15.237,24.6978571,-75.6473917,-19.0,0.25,0.25,57
2008-09-18T21:57:15.333,24.7026033,-75.6135091,-30.3,0.5,0.25,60
2008-09-18T21:57:16.218,20.9179462,-87.6482188,-57.0,0.25,0.25,34
2008-09-18T21:57:16.309,20.8854243,-87.666599,-17.8,0.5,0.25,15
2008-09-18T21:57:16.415,37.1089625,-103.2572246,-8.2,0.25,0.25,66
2008-09-18T21:57:16.497,37.077961,-103.2244109,-10.4,0.25,0.25,55
2008-09-18T21:57:16.603,20.9163242,-87.6556203,-16.9,0.5,0.25,21
2008-09-18T21:57:16.733,20.9026405,-87.6332833,-31.3,0.25,0.25,51
2008-09-18T21:57:16.801,20.8964748,-87.6359109,-32.5,0.25,0.25,51
2008-09-18T21:57:17.762,25.1918076,-78.546747,-25.7,0.75,0.25,51
2008-09-18T21:57:17.808,25.2321713,-78.5112741,-22.0,0.75,0.25,64
2008-09-18T21:57:19.173,13.8716543,-97.2638228,-46.9,0.5,0.25,56
2008-09-18T21:57:19.518,17.4326602,-98.3754167,-80.0,0.5,0.25,40
2008-09-18T21:57:19.522,38.0419766,-105.5520302,-10.2,0.25,0.25,15
2008-09-18T21:57:20.556,21.8121727,-103.6213945,-25.4,0.5,0.25,-47
2008-09-18T21:57:21.207,22.571879,-65.6947528,-21.3,0.5,0.25,79
2008-09-18T21:57:21.233,27.1030896,-82.3240219,0.0,0.25,0.25,59
2008-09-18T21:57:21.324,18.275104,-90.7329867,-40.6,0.75,0.25,13
2008-09-18T21:57:21.971,19.0382057,-90.6558828,-20.6,0.75,0.25,20
2008-09-18T21:57:22.660,27.1019918,-82.4344721,-5.9,0.25,0.25,81
2008-09-18T21:57:22.904,27.0726562,-82.3991978,-3.6,0.25,0.25,62
2008-09-18T21:57:23.399,23.0616909,-71.8344663,-19.4,0.75,0.25,-74
2008-09-18T21:57:23.820,27.4467616,-77.0483196,-17.9,0.75,0.25,-55
2008-09-18T21:57:24.052,21.4010455,-77.5383549,-34.6,0.5,0.25,72
2008-09-18T21:57:25.133,41.5924939,-107.2086927,-10.5,0.25,0.25,26
2008-09-18T21:57:25.172,36.5957223,-103.8236248,-10.7,0.25,0.25,-45
2008-09-18T21:57:25.188,36.5946637,-103.8200873,-10.1,0.25,0.25,-45
2008-09-18T21:57:25.217,36.5867391,-103.8223857,-13.3,0.25,0.25,-45
2008-09-18T21:57:25.252,36.5948664,-103.8225422,-11.2,0.25,0.25,-45
2008-09-18T21:57:25.281,36.5891817,-103.8202811,-10.8,0.25,0.25,-38
2008-09-18T21:57:25.318,36.595914,-103.8267764,-17.8,0.25,0.25,-45
2008-09-18T21:57:25.390,36.5887317,-103.8174888,-26.5,0.25,0.25,-38
2008-09-18T21:57:25.420,29.7929541,-86.0082543,-11.0,0.25,0.25,-2
2008-09-18T21:57:25.426,36.5798824,-103.8432115,-10.7,0.25,0.25,12
2008-09-18T21:57:25.815,36.5957604,-103.8225184,-7.9,0.25,0.25,-45
2008-09-18T21:57:25.826,36.5943068,-103.8230227,-9.6,0.25,0.25,-45
2008-09-18T21:57:25.930,36.5941353,-103.8234235,-10.5,0.25,0.25,-45
2008-09-18T21:57:26.324,23.2000962,-105.3018406,-17.4,0.75,0.25,85
2008-09-18T21:57:26.662,20.5552559,-76.2264931,-32.6,0.5,0.25,86
2008-09-18T21:57:26.701,20.5518051,-76.2225708,-40.6,0.5,0.25,-86
2008-09-18T21:57:26.952,38.9996696,-106.4879815,-8.9,0.25,0.25,-44
2008-09-18T21:57:27.064,39.3891212,-106.3330304,-12.0,0.25,0.25,0
2008-09-18T21:57:27.544,22.7873559,-103.8233226,-32.3,0.5,0.25,-58
2008-09-18T21:57:29.268,27.1135221,-82.3512102,-5.0,0.25,0.25,60
2008-09-18T21:57:29.727,39.4183852,-106.3290238,-10.6,0.25,0.25,80
2008-09-18T21:57:29.760,20.998998,-76.1507111,-30.5,0.5,0.25,65
2008-09-18T21:57:31.338,27.0422872,-82.3302245,-3.6,0.25,0.25,60
2008-09-18T21:57:31.641,33.0296679,-108.0043028,-11.6,0.75,0.25,-30
2008-09-18T21:57:31.971,15.1999471,-86.9043554,-34.3,0.75,0.25,-4
2008-09-18T21:57:32.080,29.3522712,-63.6163855,-31.7,0.5,0.25,78
2008-09-18T21:57:32.663,40.9261225,-107.3685147,-20.3,0.25,0.25,-43
2008-09-18T21:57:32.842,15.199662,-86.9149871,-25.9,0.5,0.25,39
2008-09-18T21:57:32.864,27.0743991,-82.3659123,0.0,0.25,0.25,61
2008-09-18T21:57:34.008,15.2489189,-86.4016984,-41.7,0.5,0.25,-3
2008-09-18T21:57:34.081,40.063387,-105.6840474,0.0,0.25,0.25,-59
2008-09-18T21:57:34.442,15.2265813,-86.4215529,-26.7,0.75,0.25,-88
2008-09-18T21:57:34.635,18.9331938,-70.485034,-34.7,0.75,0.25,-79
2008-09-18T21:57:35.047,14.3494383,-91.2091666,-61.7,0.5,0.25,49
2008-09-18T21:57:35.176,18.9567441,-89.979652,-43.2,0.25,0.25,40
2008-09-18T21:57:35.260,18.9050705,-89.9855056,-41.5,0.25,0.25,44
2008-09-18T21:57:36.197,41.5659647,-107.1629588,-29.0,0.25,0.25,26
2008-09-18T21:57:36.753,14.8910946,-78.7393799,-251.0,0.75,0.25,63
2008-09-18T21:57:37.110,26.2996486,-106.5516874,-44.2,0.5,0.25,81
NAPLN-LIGHTNING-NAPLN1EX,2008-09-18T21:59:00,2008-09-18T21:57:55
2008-09-18T21:57:39.255,42.6589018,-104.3717681,-20.6,0.25,0.25,53
2008-09-18T21:57:40.217,21.5971488,-78.3254701,-33.1,0.5,0.25,88
2008-09-18T21:57:41.215,21.6557567,-78.1464187,-40.0,0.75,0.25,89
2008-09-18T21:57:41.307,18.6604672,-90.6513057,-46.4,0.25,0.25,41
2008-09-18T21:57:41.325,23.5282223,-105.4587425,-22.0,0.75,0.25,-79
2008-09-18T21:57:41.754,18.6574258,-90.655158,-52.0,0.75,0.25,-8
2008-09-18T21:57:42.357,43.6336488,-109.2076549,-35.3,0.25,0.25,-55
2008-09-18T21:57:43.200,20.9579486,-76.0722489,-15.5,0.5,0.25,53
2008-09-18T21:57:43.816,18.3306422,-90.7748199,-63.3,0.5,0.25,-2
2008-09-18T21:57:44.259,27.0907893,-82.3637469,-16.2,0.25,0.25,59
2008-09-18T21:57:44.386,42.4434628,-104.8286566,-21.8,0.5,0.25,-20
2008-09-18T21:57:44.439,18.3133114,-90.7874712,-32.7,0.75,0.25,22
2008-09-18T21:57:45.031,16.3178229,-92.6772985,-121.9,0.5,0.25,34
2008-09-18T21:57:45.074,16.3387551,-92.6525516,-45.0,0.5,0.25,34
2008-09-18T21:57:45.397,31.9691417,-114.4097026,-21.6,0.75,0.25,19
2008-09-18T21:57:45.411,31.957811,-114.4137645,-7.3,0.75,0.25,3
2008-09-18T21:57:45.431,31.9510342,-114.421319,-25.2,0.5,0.25,59
2008-09-18T21:57:45.725,24.236982,-71.5488122,-36.6,0.75,0.25,-77
2008-09-18T21:57:45.742,14.1472399,-91.1738541,-46.1,0.5,0.25,44
2008-09-18T21:57:45.823,42.4558058,-104.5380419,-19.4,0.5,0.25,-21
2008-09-18T21:57:45.827,24.2368367,-71.5373925,-38.0,0.5,0.25,-84
2008-09-18T21:57:45.890,24.2472274,-71.4701248,-17.0,0.75,0.25,-80
2008-09-18T21:57:46.013,27.0884417,-82.3319914,-7.0,0.25,0.25,59
2008-09-18T21:57:46.723,22.7824367,-103.8216211,-38.5,0.5,0.25,-58
2008-09-18T21:57:47.061,44.3917811,-107.1395321,-41.6,0.5,0.25,87
2008-09-18T21:57:47.095,44.3861815,-107.1515847,-17.8,0.5,0.25,87
2008-09-18T21:57:47.506,36.6507526,-103.8741252,-7.3,0.25,0.25,-47
2008-09-18T21:57:47.829,26.4995644,-80.6439015,-14.5,0.5,0.25,77
2008-09-18T21:57:47.854,21.3044409,-77.411041,-44.9,0.5,0.25,59
2008-09-18T21:57:47.906,21.3495447,-77.4229786,-44.7,0.5,0.25,72
2008-09-18T21:57:48.176,21.6360228,-78.3356635,-42.7,0.75,0.25,57
2008-09-18T21:57:48.236,26.5090393,-80.6120534,-22.0,0.5,0.25,68
2008-09-18T21:57:49.265,27.0798971,-82.3995448,-21.3,0.25,0.25,62
2008-09-18T21:57:49.381,27.0726881,-82.3803371,-27.3,0.5,0.25,61
2008-09-18T21:57:49.445,27.0804905,-82.3964,-6.7,0.25,0.25,62
2008-09-18T21:57:49.454,34.983533,-104.6668629,-34.2,0.5,0.25,-68
2008-09-18T21:57:49.467,27.0812158,-82.3970953,-6.5,0.25,0.25,62
2008-09-18T21:57:49.535,27.0767426,-82.4031064,-20.6,0.25,0.25,62
2008-09-18T21:57:49.559,34.9954515,-104.5797929,-11.5,0.75,0.25,79
2008-09-18T21:57:50.020,41.3721727,-107.1834088,-57.9,0.25,0.25,27
2008-09-18T21:57:50.042,41.3745557,-107.1682351,-11.1,0.25,0.25,27
2008-09-18T21:57:50.058,41.3717522,-107.1648276,-31.1,0.25,0.25,27
2008-09-18T21:57:50.076,41.3741976,-107.167044,-11.7,0.25,0.25,16
2008-09-18T21:57:50.085,41.3778427,-107.1512881,-12.1,0.25,0.25,15
2008-09-18T21:57:50.130,41.3783204,-107.1581412,-40.2,0.25,0.25,16
2008-09-18T21:57:50.649,41.6515356,-105.1497391,-20.0,0.25,0.25,-19
2008-09-18T21:57:50.697,41.6379124,-105.1221885,-31.2,0.25,0.25,-4
2008-09-18T21:57:50.849,22.0959176,-81.0195948,-32.8,0.5,0.25,77
2008-09-18T21:57:51.241,20.8884272,-87.6949635,-30.4,0.5,0.25,14
2008-09-18T21:57:51.318,20.9086982,-87.7036089,-46.6,0.25,0.25,48
2008-09-18T21:57:51.421,20.9161433,-87.7004285,-22.3,0.5,0.25,14
2008-09-18T21:57:51.573,20.9102872,-87.7187453,-39.1,0.25,0.25,43
2008-09-18T21:57:51.599,36.3144578,-106.0427162,-18.1,0.25,0.25,-82
2008-09-18T21:57:51.989,24.451,-65.8811034,-129.3,0.5,0.25,55
2008-09-18T21:57:52.116,15.3783195,-86.4061103,-45.1,0.75,0.25,12
2008-09-18T21:57:52.229,15.4174336,-86.3901101,-38.9,0.75,0.25,-4
2008-09-18T21:57:52.299,15.3919324,-86.4223118,-20.6,0.25,0.25,48
2008-09-18T21:57:52.621,41.6100005,-113.5861045,-16.8,0.25,0.25,-71
2008-09-18T21:57:52.718,18.4989331,-90.1820806,-34.1,0.75,0.25,18
2008-09-18T21:57:52.926,18.5027841,-90.1692844,-43.8,0.5,0.25,37
2008-09-18T21:57:54.167,39.562321,-109.1873601,-20.0,0.5,0.25,50
2008-09-18T21:57:55.732,41.5696469,-107.1713094,-20.0,0.25,0.25,26
2008-09-18T21:57:55.862,41.5196623,-107.1972753,0.0,0.25,0.25,13
2008-09-18T21:57:56.103,31.5433484,-115.8379511,-8.7,0.75,0.25,16
2008-09-18T21:57:56.129,31.5706703,-115.8299242,-11.7,0.75,0.25,33
2008-09-18T21:57:56.394,24.0321704,-105.5496891,-39.3,0.75,0.25,12
2008-09-18T21:57:56.514,22.1262068,-80.3115793,-44.6,0.5,0.25,84
2008-09-18T21:57:56.690,22.0921231,-80.3422494,-27.4,0.5,0.25,75
2008-09-18T21:57:56.737,20.5972295,-76.1886807,-18.6,0.5,0.25,53
2008-09-18T21:57:57.103,23.2000855,-104.5466881,-23.9,0.5,0.25,-68
2008-09-18T21:57:57.129,18.9479616,-70.4850308,-331.5,0.75,0.25,83
2008-09-18T21:57:57.560,37.3251377,-103.1077842,-15.0,0.25,0.25,44
2008-09-18T21:57:57.581,37.3215725,-103.1031006,-7.9,0.25,0.25,73
2008-09-18T21:57:57.596,37.3218806,-103.1094665,-12.5,0.5,0.25,13
2008-09-18T21:57:57.619,37.3233536,-103.1098489,-14.2,0.5,0.25,13
2008-09-18T21:57:57.666,37.3172676,-103.1076261,-36.4,0.25,0.25,-29
2008-09-18T21:57:57.793,37.3565062,-103.1137527,-8.4,0.25,0.25,44
2008-09-18T21:57:57.825,42.9236171,-106.0468323,-24.9,0.5,0.25,72
2008-09-18T21:57:58.730,23.1764817,-88.7974598,-37.6,0.5,0.25,1
2008-09-18T21:57:58.832,23.188504,-88.8068761,-28.0,0.75,0.25,-7
2008-09-18T21:57:58.848,50.3288861,-89.8790429,-33.4,0.75,0.25,54
2008-09-18T21:57:59.580,26.216577,-106.709536,-26.3,0.5,0.25,81
2008-09-18T21:57:59.846,34.8765855,-104.7100148,-11.7,0.25,0.25,-81
2008-09-18T21:58:00.097,28.0399869,-109.1418964,-15.2,0.5,0.25,72
2008-09-18T21:58:00.653,27.0530096,-82.3159189,0.0,0.25,0.25,60
2008-09-18T21:58:00.940,19.046006,-90.6526116,-80.4,0.5,0.25,69
2008-09-18T21:58:01.020,19.0506256,-90.651752,-41.7,0.75,0.25,18
2008-09-18T21:58:01.055,20.6787134,-87.7959853,-20.9,0.5,0.25,16
2008-09-18T21:58:01.102,19.0432633,-90.6520061,-40.6,0.75,0.25,-8
2008-09-18T21:58:01.153,20.6375373,-87.7886345,-22.0,0.5,0.25,16
2008-09-18T21:58:01.202,20.6659327,-87.7838943,-14.8,0.5,0.25,24
2008-09-18T21:58:01.572,31.9614728,-114.4189711,-22.4,0.5,0.25,46
2008-09-18T21:58:01.606,21.4078161,-77.5022022,-23.5,0.75,0.25,78
2008-09-18T21:58:01.709,43.5009329,-108.7894285,-24.0,0.25,0.25,-65
2008-09-18T21:58:01.722,21.4195282,-77.5232001,-38.2,0.5,0.25,64
2008-09-18T21:58:01.785,43.4853023,-108.7875215,-30.8,0.25,0.25,-29
2008-09-18T21:58:01.841,43.5019715,-108.7833023,-11.1,0.25,0.25,-65
2008-09-18T21:58:01.911,43.5127904,-108.8124285,-24.0,0.25,0.25,-64
2008-09-18T21:58:01.970,43.4951672,-108.7845077,-12.9,0.25,0.25,-65
2008-09-18T21:58:02.306,15.1198853,-84.8614642,-55.6,0.25,0.25,69
2008-09-18T21:58:02.559,15.1146816,-84.8637235,-27.5,0.25,0.25,51
2008-09-18T21:58:03.594,24.3220871,-76.1906096,-119.4,0.5,0.25,89
2008-09-18T21:58:04.898,14.4272173,-91.4149691,-98.7,0.25,0.25,19
2008-09-18T21:58:04.926,14.4257279,-91.4206934,-50.8,0.5,0.25,60
2008-09-18T21:58:04.991,14.4058306,-91.4548267,-55.1,0.25,0.25,34
2008-09-18T21:58:05.876,38.8125163,-105.0803183,-11.9,0.25,0.25,0
2008-09-18T21:58:05.898,38.8203194,-105.0721501,-9.6,0.25,0.25,0
2008-09-18T21:58:05.919,38.8226433,-105.0504727,-7.9,0.5,0.25,79
2008-09-18T21:58:05.962,38.8218666,-105.0689441,-26.5,0.25,0.25,0
2008-09-18T21:58:06.087,38.8214797,-105.0707774,-19.5,0.25,0.25,0
2008-09-18T21:58:06.180,38.820002,-105.0711856,-11.7,0.25,0.25,0
2008-09-18T21:58:06.254,38.8217905,-105.0720974,-6.5,0.25,0.25,0
2008-09-18T21:58:06.263,18.3245657,-90.7219806,-60.9,0.75,0.25,-8
2008-09-18T21:58:06.322,38.8225274,-105.0697209,-6.2,0.25,0.25,0
2008-09-18T21:58:06.334,18.3212845,-90.7222325,-28.3,0.5,0.25,46
2008-09-18T21:58:06.373,18.3283466,-90.7278924,-45.9,0.25,0.25,59
2008-09-18T21:58:06.431,18.3407751,-90.719298,-45.4,0.75,0.25,-8
2008-09-18T21:58:06.469,29.4366407,-81.0959993,-6.4,0.5,0.25,89
2008-09-18T21:58:06.526,18.2709664,-90.7800943,-35.0,0.5,0.25,42
2008-09-18T21:58:07.084,18.2786323,-90.7478723,-48.7,0.5,0.25,42
2008-09-18T21:58:09.235,35.0200669,-104.6061465,-6.7,0.25,0.25,-14
2008-09-18T21:58:10.031,25.9600036,-106.3795425,-13.8,0.75,0.25,-79
2008-09-18T21:58:10.233,49.7646982,-89.4471137,-72.7,0.5,0.25,42
2008-09-18T21:58:10.620,40.911817,-107.3416027,-20.4,0.25,0.25,34
2008-09-18T21:58:10.671,40.9198395,-107.3380981,-19.2,0.25,0.25,-44
2008-09-18T21:58:10.773,40.9011583,-107.3537715,-11.3,0.25,0.25,35
2008-09-18T21:58:11.024,49.8603014,-89.8319807,-38.4,0.5,0.25,12
2008-09-18T21:58:11.071,24.6829709,-75.6123232,-35.0,0.5,0.25,88
2008-09-18T21:58:11.080,40.5440575,-110.9954148,-13.7,0.25,0.25,-73
2008-09-18T21:58:11.161,40.551851,-110.9824326,-18.0,0.25,0.25,-28
2008-09-18T21:58:11.202,24.6825818,-75.655715,-14.5,0.5,0.25,88
2008-09-18T21:58:11.258,24.6800797,-75.6096727,-14.1,0.5,0.25,88
2008-09-18T21:58:11.635,22.159261,-80.2985181,-25.1,0.5,0.25,45
2008-09-18T21:58:11.834,17.1696772,-89.759366,-48.5,0.25,0.25,58
2008-09-18T21:58:11.895,17.1794578,-89.7836437,-41.6,0.5,0.25,64
2008-09-18T21:58:12.185,17.1233214,-89.7670221,-34.4,0.25,0.25,58
2008-09-18T21:58:12.460,23.4471368,-105.4540756,-49.8,0.25,0.25,86
2008-09-18T21:58:12.485,23.3698976,-105.1927918,-39.3,0.25,0.25,-88
2008-09-18T21:58:12.548,19.0595292,-89.4895975,-22.8,0.75,0.25,18
2008-09-18T21:58:12.713,17.1842857,-89.7982865,-47.3,0.25,0.25,15
2008-09-18T21:58:12.761,19.0658174,-89.5042144,-27.7,0.5,0.25,23
2008-09-18T21:58:13.013,24.1668371,-95.3915682,-39.9,0.75,0.25,14
2008-09-18T21:58:13.649,42.0225163,-106.1995475,-17.7,0.25,0.25,-49
2008-09-18T21:58:13.745,25.9664111,-80.9536854,-16.9,0.5,0.25,73
2008-09-18T21:58:13.790,25.9332666,-80.97101,-15.1,0.25,0.25,62
2008-09-18T21:58:14.061,35.7534669,-112.6545892,0.0,0.25,0.25,74
2008-09-18T21:58:14.088,35.7315319,-112.6649248,-7.7,0.25,0.25,74
2008-09-18T21:58:14.937,38.9592307,-105.4023396,-35.7,0.25,0.25,-20
2008-09-18T21:58:14.995,20.7951127,-87.3679007,-34.2,0.25,0.25,56
2008-09-18T21:58:15.051,25.1986244,-106.2561628,-33.3,0.25,0.25,77
2008-09-18T21:58:15.057,38.9629031,-105.3900842,-16.8,0.25,0.25,89
2008-09-18T21:58:15.402,22.4656995,-103.6458875,-31.4,0.5,0.25,-54
2008-09-18T21:58:15.849,14.361683,-91.2158574,-61.1,0.75,0.25,17
2008-09-18T21:58:16.435,27.9005134,-107.4376586,-13.8,0.25,0.25,75
2008-09-18T21:58:17.120,17.7409228,-100.6569739,-55.4,0.75,0.25,64
2008-09-18T21:58:18.384,21.456902,-77.5226981,-40.2,0.5,0.25,59
2008-09-18T21:58:18.863,22.1518738,-80.3429755,-55.5,0.5,0.25,75
2008-09-18T21:58:18.913,21.4398809,-77.4996263,-26.9,0.5,0.25,68
2008-09-18T21:58:19.969,23.0352052,-104.9357014,-38.9,0.5,0.25,-72
2008-09-18T21:58:20.947,27.066994,-82.3914083,-11.0,0.25,0.25,62
2008-09-18T21:58:20.994,27.0622034,-82.3794363,-8.4,0.25,0.25,61
2008-09-18T21:58:21.067,26.2675012,-106.6036804,-35.6,0.5,0.25,81
2008-09-18T21:58:21.138,26.2691356,-106.604368,-30.6,0.5,0.25,81
2008-09-18T21:58:21.268,27.0477346,-82.4041353,-6.7,0.25,0.25,62
2008-09-18T21:58:21.307,19.6721803,-101.2469243,-66.8,0.25,0.25,27
2008-09-18T21:58:21.385,27.0466774,-82.404921,-7.2,0.25,0.25,63
2008-09-18T21:58:21.458,15.2348476,-86.4969577,-380.6,0.5,0.25,48
2008-09-18T21:58:21.481,27.046784,-82.4060909,-4.1,0.25,0.25,63
2008-09-18T21:58:21.513,18.3536233,-91.3400741,-77.4,0.5,0.25,42
2008-09-18T21:58:21.529,27.0921377,-82.3352951,-3.2,0.25,0.25,60
2008-09-18T21:58:21.576,18.3775504,-91.3114219,-29.6,0.5,0.25,42
2008-09-18T21:58:21.607,18.3728335,-91.3159486,-29.9,0.5,0.25,43
2008-09-18T21:58:21.665,18.3957384,-91.3442301,-45.0,0.75,0.25,-7
2008-09-18T21:58:21.741,18.3840652,-91.3443161,-51.8,0.5,0.25,42
2008-09-18T21:58:22.417,27.7729651,-107.0153768,-19.0,0.25,0.25,77
2008-09-18T21:58:22.481,42.0424695,-108.5533735,-14.0,0.25,0.25,29
2008-09-18T21:58:23.833,21.7667942,-103.5617577,-25.2,0.5,0.25,-46
2008-09-18T21:58:25.549,14.4412737,-91.040633,-46.7,0.5,0.25,60
2008-09-18T21:58:26.441,27.0641046,-82.3406488,0.0,0.25,0.25,60
2008-09-18T21:58:26.653,20.8939619,-87.6902865,-68.3,0.25,0.25,56
2008-09-18T21:58:26.720,20.8916013,-87.6849408,-16.1,0.5,0.25,15
2008-09-18T21:58:26.802,20.8712113,-87.6945358,-16.5,0.5,0.25,15
2008-09-18T21:58:26.913,29.4079097,-64.3639573,-34.5,0.75,0.25,-65
2008-09-18T21:58:27.252,20.8904948,-87.6879329,-19.2,0.5,0.25,19
2008-09-18T21:58:27.358,20.9398551,-87.6948642,-46.9,0.75,0.25,-2
2008-09-18T21:58:27.448,20.8947714,-87.6867535,-28.0,0.25,0.25,53
2008-09-18T21:58:27.528,20.8966413,-87.6829048,-13.7,0.5,0.25,22
2008-09-18T21:58:27.659,20.8922184,-87.687991,-14.6,0.5,0.25,22
2008-09-18T21:58:28.268,42.5248396,-105.9249351,-20.9,0.5,0.25,50
2008-09-18T21:58:28.434,22.0742489,-79.8650853,-29.9,0.25,0.25,86
2008-09-18T21:58:28.680,14.2802545,-78.3891907,-46.8,0.5,0.25,60
2008-09-18T21:58:28.935,14.6685139,-78.6159896,-52.7,0.25,0.25,69
2008-09-18T21:58:29.332,35.9676084,-104.069962,-16.5,0.25,0.25,-39
2008-09-18T21:58:29.614,19.0472602,-90.5864826,-32.1,0.25,0.25,40
2008-09-18T21:58:29.666,19.0242948,-90.606339,-50.9,0.75,0.25,-7
2008-09-18T21:58:29.758,19.0315587,-90.6094022,-40.5,0.25,0.25,40
2008-09-18T21:58:30.124,19.0248433,-90.6071014,-28.6,0.5,0.25,45
2008-09-18T21:58:30.660,15.0368565,-84.1386404,-69.7,0.25,0.25,43
2008-09-18T21:58:31.044,22.7909318,-103.8195482,-25.8,0.5,0.25,-58
2008-09-18T21:58:33.330,42.5877145,-106.1220286,-15.0,0.25,0.25,72
2008-09-18T21:58:34.325,27.0739985,-82.3286116,0.0,0.25,0.25,60
2008-09-18T21:58:34.519,41.2366108,-108.2637358,-64.0,0.25,0.25,37
2008-09-18T21:58:34.558,41.2150805,-108.2762347,-29.1,0.5,0.25,29
2008-09-18T21:58:34.605,41.2151942,-108.2613705,-25.9,0.25,0.25,37
2008-09-18T21:58:35.026,24.347052,-106.2107165,-29.7,0.75,0.25,-82
2008-09-18T21:58:37.830,21.430195,-77.5449699,-28.5,0.5,0.25,46
2008-09-18T21:58:37.864,21.4171094,-77.5458323,-30.0,0.5,0.25,69
2008-09-18T21:58:37.902,21.3996406,-77.5603405,-37.0,0.5,0.25,64
2008-09-18T21:58:37.943,21.4042158,-77.5758138,-24.0,0.5,0.25,69
2008-09-18T21:58:38.463,21.4102062,-77.5553019,-42.9,0.5,0.25,67
