USPLN-LIGHTNING-USPLN1EX,2008-09-18T15:00:00,2008-09-18T14:58:55
2008-09-18T14:58:40.343,26.3937476,-92.1619184,-33.6,0.75,0.25,33
2008-09-18T14:58:40.411,26.3897506,-92.1479111,-24.5,0.5,0.25,8
2008-09-18T14:58:42.489,30.8785396,-80.9020275,-30.1,0.25,0.25,47
2008-09-18T14:58:42.573,30.8610809,-80.932463,-12.5,0.75,0.25,70
2008-09-18T14:58:51.721,22.9052961,-94.6703537,-90.8,0.75,0.25,-36
2008-09-18T14:58:51.753,22.8878763,-94.6650072,-34.7,0.5,0.25,-1
2008-09-18T14:58:59.822,22.176678,-94.5477407,-38.2,0.25,0.25,47
2008-09-18T14:58:59.832,22.1731369,-94.5378503,-58.5,0.5,0.25,-2
2008-09-18T14:58:59.899,22.2336417,-94.6609446,-30.6,0.5,0.25,34
2008-09-18T14:59:07.621,31.1720651,-80.9508278,-8.8,0.25,0.25,-84
2008-09-18T14:59:13.216,24.9387752,-76.8803636,-20.9,0.25,0.25,54
2008-09-18T14:59:13.228,24.9361519,-76.8797973,-21.6,0.25,0.25,54
2008-09-18T14:59:13.316,24.9418682,-76.8819766,-21.7,0.5,0.25,52
2008-09-18T14:59:13.595,24.9211723,-76.8733892,-17.7,0.25,0.25,54
2008-09-18T14:59:31.800,31.0300663,-80.6538017,0.0,0.25,0.25,-78
2008-09-18T14:59:32.282,29.2979687,-80.6230235,-11.1,0.5,0.25,72
2008-09-18T14:59:36.449,26.3005188,-83.6320356,-31.6,0.75,0.25,67
USPLN-LIGHTNING-USPLN1EX,2008-09-18T15:01:00,2008-09-18T14:59:55
2008-09-18T14:59:53.456,24.923859,-76.9192552,-71.0,0.5,0.25,77
2008-09-18T14:59:53.485,24.9243569,-76.9011414,-48.2,0.75,0.25,89
2008-09-18T15:00:01.342,26.8809431,-92.7459783,-35.2,0.75,0.25,24
2008-09-18T15:00:01.351,26.868118,-92.747818,-66.3,0.75,0.25,25
2008-09-18T15:00:01.378,26.8608139,-92.7343035,-21.9,0.75,0.25,0
2008-09-18T15:00:02.003,31.0832567,-81.0642794,-12.8,0.75,0.25,68
2008-09-18T15:00:08.533,23.960654,-65.1872737,-190.7,0.75,0.25,37
2008-09-18T15:00:08.676,23.9409245,-65.200736,-159.3,0.75,0.25,49
2008-09-18T15:00:08.740,31.1234643,-80.9528982,-14.1,0.5,0.25,88
2008-09-18T15:00:10.196,30.7491642,-79.0462609,-12.3,0.25,0.25,-49
2008-09-18T15:00:13.513,25.5608771,-94.324289,-26.8,0.5,0.25,3
USPLN-LIGHTNING-USPLN1EX,2008-09-18T15:02:00,2008-09-18T15:00:55
2008-09-18T15:00:44.159,31.1448672,-80.9599271,-12.8,0.5,0.25,-80
2008-09-18T15:00:47.205,25.6584955,-65.6989836,-60.4,0.75,0.25,67
2008-09-18T15:00:47.471,25.6661758,-65.6741218,-41.6,0.75,0.25,67
2008-09-18T15:00:52.819,30.8830122,-80.946584,-13.4,0.75,0.25,70
2008-09-18T15:00:52.965,30.8859247,-80.9576675,-12.6,0.75,0.25,70
2008-09-18T15:00:57.339,31.0101894,-80.6404876,-12.2,0.5,0.25,-71
2008-09-18T15:01:01.406,48.9212612,-93.3596794,-30.4,0.75,0.25,54
2008-09-18T15:01:01.904,25.8037638,-86.8204911,-31.2,0.75,0.25,25
2008-09-18T15:01:02.341,25.6454909,-77.5727108,-43.0,0.5,0.25,80
2008-09-18T15:01:02.416,25.4235207,-77.4847957,-31.3,0.25,0.25,-87
2008-09-18T15:01:02.670,25.4225186,-77.4658098,-47.1,0.75,0.25,88
2008-09-18T15:01:03.154,24.9545068,-77.0205672,-56.4,0.25,0.25,82
2008-09-18T15:01:03.167,24.9837375,-77.1656148,-14.1,0.5,0.25,41
2008-09-18T15:01:03.199,24.9745285,-77.0389106,-44.1,0.5,0.25,77
2008-09-18T15:01:03.222,24.9352706,-77.0238414,-50.8,0.75,0.25,89
2008-09-18T15:01:03.259,24.9733045,-77.0072156,-40.4,0.5,0.25,88
2008-09-18T15:01:09.006,30.905661,-80.8228415,-17.4,0.5,0.25,-84
2008-09-18T15:01:20.469,31.1507891,-80.9054825,0.0,0.5,0.25,74
2008-09-18T15:01:20.526,31.1434806,-80.9637065,0.0,0.75,0.25,68
2008-09-18T15:01:20.628,31.1405572,-80.9151679,-10.5,0.25,0.25,-89
2008-09-18T15:01:21.788,31.1010907,-81.0344563,-22.4,0.25,0.25,49
2008-09-18T15:01:31.570,38.3324038,-68.4876842,-55.5,0.75,0.25,-51
2008-09-18T15:01:31.586,38.3405454,-68.4638408,-18.1,0.75,0.25,-51
2008-09-18T15:01:37.059,22.1827596,-94.5806212,-63.6,0.5,0.25,-2
2008-09-18T15:01:37.104,22.2144867,-94.6667617,-38.2,0.5,0.25,43
2008-09-18T15:01:39.262,31.0727468,-80.9519711,-9.0,0.25,0.25,85
USPLN-LIGHTNING-USPLN1EX,2008-09-18T15:03:00,2008-09-18T15:01:55
2008-09-18T15:01:44.676,24.9174747,-76.8876491,-462.4,0.75,0.25,64
2008-09-18T15:01:52.251,31.0060985,-80.6731148,0.0,0.5,0.25,-89
2008-09-18T15:01:52.262,30.9985235,-80.6500775,-26.2,0.5,0.25,-72
2008-09-18T15:01:52.294,31.0197286,-80.6503536,-20.8,0.75,0.25,76
2008-09-18T15:01:52.319,31.0071011,-80.6667389,-12.1,0.25,0.25,-77
2008-09-18T15:01:52.354,30.9978881,-80.6759698,-14.6,0.5,0.25,-89
2008-09-18T15:01:52.675,31.0089009,-80.7017063,-13.0,0.75,0.25,71
2008-09-18T15:01:52.737,31.0086409,-80.6966865,-11.5,0.25,0.25,-79
2008-09-18T15:01:53.076,31.0096537,-80.6923773,-14.3,0.5,0.25,-89
2008-09-18T15:02:06.549,25.2950409,-66.1782712,-24.3,0.75,0.25,67
2008-09-18T15:02:06.596,25.2866463,-66.182579,-26.6,0.75,0.25,67
2008-09-18T15:02:11.692,25.5614847,-94.3260615,-26.3,0.75,0.25,11
2008-09-18T15:02:13.127,31.1114847,-80.9447069,-12.2,0.5,0.25,88
2008-09-18T15:02:27.037,25.6091198,-65.6629368,-24.0,0.75,0.25,67
2008-09-18T15:02:27.092,25.6134852,-65.6599614,-34.6,0.75,0.25,67
2008-09-18T15:02:28.413,31.0173543,-80.6300498,-19.6,0.5,0.25,-71
2008-09-18T15:02:35.124,31.1281578,-80.9433978,-13.2,0.5,0.25,88
2008-09-18T15:02:41.570,31.0623137,-81.0467428,-19.2,0.25,0.25,49
USPLN-LIGHTNING-USPLN1EX,2008-09-18T15:04:00,2008-09-18T15:02:55
2008-09-18T15:02:41.675,31.0570673,-81.0544336,-11.1,0.25,0.25,-86
2008-09-18T15:02:50.633,31.1651462,-80.8994516,-13.8,0.75,0.25,69
2008-09-18T15:02:50.744,31.1410112,-80.9945518,-8.6,0.25,0.25,-85
2008-09-18T15:03:04.237,22.1994765,-94.5488181,-57.7,0.5,0.25,-2
2008-09-18T15:03:05.487,31.1472517,-80.9108433,-16.6,0.5,0.25,74
2008-09-18T15:03:05.538,31.1377116,-80.9511303,-9.2,0.25,0.25,-84
2008-09-18T15:03:05.605,31.1350181,-80.9594991,-11.7,0.5,0.25,88
2008-09-18T15:03:05.661,31.1372825,-80.9528996,-14.0,0.5,0.25,88
2008-09-18T15:03:07.439,31.0125353,-80.638224,0.0,0.5,0.25,-71
2008-09-18T15:03:13.761,25.5534086,-77.3071059,-37.1,0.75,0.25,89
2008-09-18T15:03:13.978,25.5548313,-77.3072204,-38.2,0.75,0.25,89
2008-09-18T15:03:18.133,24.9208158,-76.8931203,-51.8,0.5,0.25,88
2008-09-18T15:03:18.179,24.9127815,-76.8954211,-36.5,0.75,0.25,89
2008-09-18T15:03:18.896,24.9152257,-76.8989603,-44.7,0.75,0.25,89
2008-09-18T15:03:25.939,31.1241213,-80.9193921,-11.5,0.25,0.25,-71
2008-09-18T15:03:33.941,23.9594773,-65.2089744,-89.8,0.75,0.25,-75
USPLN-LIGHTNING-USPLN1EX,2008-09-18T15:05:00,2008-09-18T15:03:55
2008-09-18T15:03:45.754,25.7072219,-65.6306929,-31.4,0.75,0.25,67
2008-09-18T15:03:45.793,25.6969647,-65.6104528,-37.3,0.75,0.25,67
2008-09-18T15:03:45.805,25.716657,-65.6135491,-23.6,0.75,0.25,68
2008-09-18T15:03:45.825,25.6974096,-65.6167675,-26.2,0.5,0.25,73
2008-09-18T15:03:55.346,31.0652228,-80.9182659,-13.5,0.75,0.25,69
2008-09-18T15:03:58.440,31.3093453,-80.6382078,-14.2,0.25,0.25,-75
2008-09-18T15:04:06.419,31.1236114,-80.9719398,-13.2,0.5,0.25,88
2008-09-18T15:04:10.504,25.2919936,-66.200606,-54.5,0.75,0.25,67
2008-09-18T15:04:10.579,25.2862495,-66.1968901,-61.0,0.75,0.25,-79
2008-09-18T15:04:10.607,25.2907101,-66.1785851,-29.7,0.75,0.25,67
2008-09-18T15:04:15.189,24.9374496,-76.8947512,-63.7,0.75,0.25,62
2008-09-18T15:04:15.676,24.9642042,-76.8865852,-43.7,0.75,0.25,-89
2008-09-18T15:04:15.708,24.9323899,-76.875764,-33.0,0.75,0.25,89
2008-09-18T15:04:15.746,24.9556885,-76.8531239,-51.7,0.75,0.25,89
2008-09-18T15:04:23.264,31.0860737,-80.5943976,0.0,0.5,0.25,-71
2008-09-18T15:04:24.464,31.1367433,-80.9165358,-18.2,0.5,0.25,74
2008-09-18T15:04:24.563,31.1308773,-80.9590357,-12.9,0.75,0.25,68
USPLN-LIGHTNING-USPLN1EX,2008-09-18T15:06:00,2008-09-18T15:04:55
2008-09-18T15:04:42.870,31.1049103,-80.9359438,-17.5,0.25,0.25,-71
2008-09-18T15:04:42.908,31.1102347,-80.9350933,-10.0,0.25,0.25,86
2008-09-18T15:04:43.046,31.1114826,-80.9297929,-13.0,0.25,0.25,-71
2008-09-18T15:04:46.699,50.0873794,-93.3832675,-21.3,0.5,0.25,20
2008-09-18T15:05:04.411,31.0528779,-80.6087848,-18.3,0.5,0.25,-71
2008-09-18T15:05:05.336,31.1564842,-80.9282641,-16.0,0.5,0.25,74
2008-09-18T15:05:05.401,31.143275,-80.9399501,-13.0,0.25,0.25,-71
2008-09-18T15:05:05.487,31.16381,-80.9260843,-21.9,0.5,0.25,74
2008-09-18T15:05:12.236,26.3994417,-83.6134121,-52.4,0.5,0.25,67
2008-09-18T15:05:12.297,26.372553,-83.6380331,-19.0,0.5,0.25,49
2008-09-18T15:05:18.976,24.9212447,-76.8859565,-35.8,0.75,0.25,84
2008-09-18T15:05:19.025,24.9241718,-76.856575,-57.6,0.5,0.25,88
2008-09-18T15:05:19.227,24.9336855,-76.8768757,-78.6,0.75,0.25,84
2008-09-18T15:05:19.305,24.9336245,-76.894333,-47.3,0.75,0.25,89
2008-09-18T15:05:19.351,24.9356012,-76.8934352,-22.6,0.5,0.25,62
2008-09-18T15:05:27.607,31.1192879,-80.9949044,-12.4,0.75,0.25,68
2008-09-18T15:05:27.674,31.1215276,-80.9912868,-9.6,0.25,0.25,-85
2008-09-18T15:05:27.740,31.1155789,-80.968751,-11.4,0.25,0.25,-71
2008-09-18T15:05:42.495,22.1846868,-94.5660978,-93.5,0.75,0.25,-36
USPLN-LIGHTNING-USPLN1EX,2008-09-18T15:07:00,2008-09-18T15:05:55
2008-09-18T15:05:45.074,31.101105,-80.9211955,-14.8,0.25,0.25,-71
2008-09-18T15:05:54.787,25.2965185,-66.193811,-42.7,0.75,0.25,67
2008-09-18T15:05:54.830,25.2843639,-66.187849,-64.6,0.75,0.25,-79
2008-09-18T15:05:54.859,25.2849599,-66.2061723,-24.6,0.5,0.25,68
2008-09-18T15:05:54.898,25.2944988,-66.1901743,-32.1,0.75,0.25,67
2008-09-18T15:05:54.985,25.2896124,-66.1877624,-23.4,0.5,0.25,68
2008-09-18T15:05:56.989,31.1166764,-80.9785731,-12.2,0.5,0.25,88
2008-09-18T15:06:01.634,25.7391041,-65.570538,-62.6,0.75,0.25,-76
2008-09-18T15:06:05.150,31.0257888,-80.662546,-12.9,0.5,0.25,84
2008-09-18T15:06:08.265,38.2840125,-68.3778656,-53.7,0.75,0.25,-53
USPLN-LIGHTNING-USPLN1EX,2008-09-18T15:08:00,2008-09-18T15:06:55
2008-09-18T15:06:45.023,48.8350206,-93.3008903,-12.6,0.5,0.25,17
2008-09-18T15:06:53.558,20.3267724,-94.5659673,-46.8,0.5,0.25,-4
2008-09-18T15:06:54.977,24.9350083,-76.8922624,-26.2,0.25,0.25,-86
2008-09-18T15:06:55.915,31.1136465,-80.9763253,-11.5,0.25,0.25,-84
2008-09-18T15:06:56.077,31.1231551,-80.9974369,-9.1,0.25,0.25,-85
2008-09-18T15:06:56.225,31.1248164,-80.9943829,-9.5,0.25,0.25,-85
2008-09-18T15:06:56.296,24.9964237,-77.0259284,-37.0,0.75,0.25,-89
2008-09-18T15:07:00.050,48.8323333,-93.4053229,-32.0,0.25,0.25,25
2008-09-18T15:07:07.337,31.0584467,-80.618688,-19.5,0.5,0.25,-71
2008-09-18T15:07:09.421,24.1974166,-94.1087543,-33.3,0.5,0.25,28
2008-09-18T15:07:33.573,31.1297554,-80.9177657,-32.9,0.5,0.25,74
2008-09-18T15:07:33.606,31.1170279,-80.9645117,-13.7,0.5,0.25,88
2008-09-18T15:07:33.669,31.1086531,-80.9472907,-13.3,0.25,0.25,-45
2008-09-18T15:07:33.804,31.1344247,-80.9366221,-15.9,0.5,0.25,74
2008-09-18T15:07:35.926,30.8672617,-80.9061192,-10.2,0.25,0.25,-83
2008-09-18T15:07:35.959,30.9083746,-80.882801,-21.7,0.25,0.25,46
2008-09-18T15:07:36.156,30.8988936,-80.8871269,-12.3,0.75,0.25,70
USPLN-LIGHTNING-USPLN1EX,2008-09-18T15:09:00,2008-09-18T15:07:55
2008-09-18T15:07:50.969,22.1961936,-94.5759676,-96.0,0.5,0.25,-2
2008-09-18T15:07:54.512,31.0065562,-80.6128812,-33.7,0.5,0.25,-71
2008-09-18T15:07:54.546,31.0211845,-80.6051484,-28.3,0.5,0.25,-71
2008-09-18T15:07:54.580,31.0237129,-80.596922,-14.8,0.5,0.25,-71
2008-09-18T15:07:59.732,24.8922337,-76.9015745,-51.2,0.5,0.25,67
2008-09-18T15:08:11.244,31.1098072,-80.960995,-21.1,0.25,0.25,-71
2008-09-18T15:08:11.277,31.112186,-80.9589917,-10.3,0.25,0.25,-71
2008-09-18T15:08:11.302,31.1026712,-80.9797503,-6.6,0.25,0.25,-84
2008-09-18T15:08:11.359,31.1221821,-80.9242987,-13.0,0.5,0.25,68
2008-09-18T15:08:11.505,31.1400776,-80.9551192,-14.4,0.5,0.25,74
2008-09-18T15:08:32.737,30.8798321,-80.6774984,-8.8,0.5,0.25,-80
2008-09-18T15:08:37.232,22.1855728,-94.0895779,-54.2,0.5,0.25,-2
2008-09-18T15:08:39.151,25.2175102,-65.9064895,-29.6,0.75,0.25,67
2008-09-18T15:08:39.379,25.2949397,-66.2219961,-49.9,0.5,0.25,80
2008-09-18T15:08:42.521,31.1142618,-80.9189016,8.9,0.25,0.25,-83
USPLN-LIGHTNING-USPLN1EX,2008-09-18T15:10:00,2008-09-18T15:08:55
2008-09-18T15:08:54.018,20.8676218,-95.5274556,-51.8,0.75,0.25,51
2008-09-18T15:09:19.833,31.1045985,-80.9538795,-31.7,0.25,0.25,-71
2008-09-18T15:09:19.871,31.127812,-80.932729,-19.4,0.5,0.25,74
2008-09-18T15:09:19.911,31.1179574,-80.9282204,-14.3,0.5,0.25,74
2008-09-18T15:09:19.975,31.1156755,-81.0008328,-10.6,0.25,0.25,-85
2008-09-18T15:09:22.336,30.9531999,-80.8572565,-14.2,0.25,0.25,-84
2008-09-18T15:09:24.481,38.3514128,-68.4648566,-78.4,0.75,0.25,-85
2008-09-18T15:09:30.617,30.8383338,-80.8572941,-50.5,0.25,0.25,-73
2008-09-18T15:09:30.859,30.8334658,-80.8594689,-13.0,0.25,0.25,-73
2008-09-18T15:09:32.768,26.3683039,-83.6110871,-15.8,0.75,0.25,-4
2008-09-18T15:09:32.859,26.3868202,-83.6299827,-29.5,0.5,0.25,49
2008-09-18T15:09:35.265,25.9208439,-80.8455935,-63.4,0.5,0.25,80
2008-09-18T15:09:35.323,25.9387785,-80.7909343,-12.4,0.25,0.25,73
USPLN-LIGHTNING-USPLN1EX,2008-09-18T15:11:00,2008-09-18T15:09:55
2008-09-18T15:09:55.282,31.1040525,-80.9411312,-9.6,0.25,0.25,86
2008-09-18T15:10:14.654,25.7439882,-65.7648305,-68.5,0.75,0.25,-76
2008-09-18T15:10:15.055,25.7218495,-65.7533814,-56.3,0.75,0.25,-76
2008-09-18T15:10:18.984,24.8639446,-76.7797705,-40.3,0.5,0.25,77
2008-09-18T15:10:23.344,31.0218103,-80.6029824,-53.6,0.5,0.25,-71
2008-09-18T15:10:23.378,31.0284144,-80.6370441,-14.9,0.25,0.25,-77
2008-09-18T15:10:23.410,31.0240264,-80.6149777,-15.6,0.5,0.25,-71
2008-09-18T15:10:23.426,31.0307213,-80.6318693,-11.2,0.25,0.25,-89
2008-09-18T15:10:23.506,31.0222667,-80.6383759,-16.6,0.25,0.25,54
2008-09-18T15:10:23.551,31.0142657,-80.6215749,-12.4,0.5,0.25,-88
2008-09-18T15:10:23.600,31.0196622,-80.5999562,-20.4,0.5,0.25,-71
2008-09-18T15:10:23.685,31.0085801,-80.5958183,-15.5,0.5,0.25,-71
2008-09-18T15:10:23.739,31.0136066,-80.6221927,-10.1,0.25,0.25,-77
2008-09-18T15:10:27.629,27.5547734,-70.8400011,-24.8,0.5,0.25,-72
2008-09-18T15:10:27.969,27.5704816,-70.8701127,-28.2,0.5,0.25,71
2008-09-18T15:10:28.045,27.5512773,-70.8617431,-36.2,0.75,0.25,47
USPLN-LIGHTNING-USPLN1EX,2008-09-18T15:12:00,2008-09-18T15:10:55
2008-09-18T15:10:41.508,31.0927152,-80.9440311,-11.6,0.25,0.25,-71
2008-09-18T15:10:54.719,30.9950446,-80.6189082,-15.2,0.5,0.25,-71
2008-09-18T15:11:21.101,22.1884127,-94.0717561,-49.0,0.5,0.25,-1
2008-09-18T15:11:27.838,31.1482403,-81.0692601,-27.2,0.5,0.25,74
USPLN-LIGHTNING-USPLN1EX,2008-09-18T15:13:00,2008-09-18T15:11:55
2008-09-18T15:11:46.404,25.2593692,-66.2125644,-38.5,0.5,0.25,79
2008-09-18T15:11:46.538,25.2858289,-66.1550353,-26.2,0.75,0.25,67
2008-09-18T15:12:06.528,22.1866896,-94.071615,-50.7,0.5,0.25,-1
2008-09-18T15:12:13.592,31.1205067,-80.934831,-42.1,0.5,0.25,74
2008-09-18T15:12:13.613,31.0971907,-80.9884182,-13.2,0.5,0.25,88
2008-09-18T15:12:13.623,31.0103819,-80.6483096,-8.0,0.25,0.25,-78
2008-09-18T15:12:16.377,24.9028912,-76.8382431,-40.2,0.5,0.25,88
2008-09-18T15:12:18.064,20.3598306,-94.571832,-71.8,0.5,0.25,-4
2008-09-18T15:12:18.086,20.3483941,-94.5535978,-33.5,0.5,0.25,-3
2008-09-18T15:12:18.141,20.3580153,-94.5259815,-28.8,0.5,0.25,-4
2008-09-18T15:12:18.222,20.3509544,-94.5868677,-30.7,0.5,0.25,-4
2008-09-18T15:12:18.690,30.8386916,-80.8443623,0.0,0.25,0.25,46
USPLN-LIGHTNING-USPLN1EX,2008-09-18T15:14:00,2008-09-18T15:12:55
2008-09-18T15:12:42.737,24.2412192,-94.1469287,-62.7,0.5,0.25,1
2008-09-18T15:12:42.761,24.208158,-94.1579205,-40.3,0.5,0.25,0
2008-09-18T15:12:56.710,23.9569123,-65.2376194,-48.7,0.75,0.25,69
2008-09-18T15:13:07.821,28.8785972,-85.0977532,-22.9,0.5,0.25,45
2008-09-18T15:13:11.421,31.0893431,-80.9972253,-6.3,0.25,0.25,-85
2008-09-18T15:13:24.928,31.3031898,-80.685714,-39.9,0.25,0.25,-73
USPLN-LIGHTNING-USPLN1EX,2008-09-18T15:15:00,2008-09-18T15:13:55
2008-09-18T15:13:44.914,25.2892858,-93.8275555,-73.6,0.75,0.25,-14
2008-09-18T15:13:45.004,25.2772308,-93.8172851,-44.8,0.5,0.25,-39
2008-09-18T15:13:45.082,25.3112164,-93.8076256,-28.5,0.5,0.25,3
2008-09-18T15:13:45.253,30.999392,-80.6331888,0.0,0.75,0.25,71
2008-09-18T15:13:57.600,31.0875382,-80.9703539,-34.2,0.25,0.25,-71
2008-09-18T15:13:57.624,31.1082177,-80.9792589,-34.8,0.5,0.25,87
2008-09-18T15:13:57.666,31.1296341,-80.9529027,-15.1,0.5,0.25,67
2008-09-18T15:14:08.288,22.2413484,-94.1128716,-84.3,0.5,0.25,-2
2008-09-18T15:14:08.382,22.1785973,-94.1071627,-32.7,0.5,0.25,-1
2008-09-18T15:14:08.438,22.1942597,-94.090611,-33.4,0.75,0.25,7
2008-09-18T15:14:17.418,25.2848613,-66.0860337,-51.3,0.5,0.25,80
2008-09-18T15:14:17.453,25.2712939,-66.0429371,-31.0,0.75,0.25,67
USPLN-LIGHTNING-USPLN1EX,2008-09-18T15:16:00,2008-09-18T15:14:55
2008-09-18T15:14:39.858,24.9189903,-76.8317819,-25.2,0.75,0.25,-89
2008-09-18T15:14:39.910,24.960695,-76.8258279,-14.6,0.5,0.25,60
2008-09-18T15:14:52.724,25.2840268,-93.8013203,-58.7,0.5,0.25,-35
2008-09-18T15:14:52.799,25.251196,-93.8031752,-47.5,0.25,0.25,-5
2008-09-18T15:14:52.945,25.3211587,-93.8025871,-29.3,0.5,0.25,2
2008-09-18T15:15:01.133,30.7945192,-80.8915873,-13.2,0.25,0.25,46
2008-09-18T15:15:10.478,30.9610823,-80.6156694,-13.6,0.5,0.25,-72
2008-09-18T15:15:10.491,30.9601735,-80.615837,-15.7,0.5,0.25,-72
USPLN-LIGHTNING-USPLN1EX,2008-09-18T15:17:00,2008-09-18T15:15:55
2008-09-18T15:16:06.408,24.9255108,-76.8141032,-36.4,0.25,0.25,57
2008-09-18T15:16:06.485,24.9269568,-76.8228443,-46.8,0.75,0.25,89
2008-09-18T15:16:07.874,25.3159782,-93.8300805,-66.4,0.5,0.25,-35
USPLN-LIGHTNING-USPLN1EX,2008-09-18T15:18:00,2008-09-18T15:16:55
2008-09-18T15:16:48.703,25.5503864,-94.2480488,-30.9,0.75,0.25,25
2008-09-18T15:16:56.426,48.9475978,-93.1480461,-31.7,0.5,0.25,36
2008-09-18T15:17:00.867,48.8479823,-93.15283,-28.2,0.5,0.25,36
2008-09-18T15:17:02.677,28.8812551,-85.088029,-21.5,0.25,0.25,16
2008-09-18T15:17:05.059,22.2093948,-94.1145549,-77.9,0.5,0.25,-2
2008-09-18T15:17:05.275,22.2106128,-94.135853,-36.1,0.75,0.25,7
2008-09-18T15:17:05.393,22.1898814,-94.0953355,-42.6,0.5,0.25,-1
2008-09-18T15:17:11.830,25.4393893,-65.6573177,-38.0,0.5,0.25,72
2008-09-18T15:17:11.869,25.4249532,-65.6571153,-30.5,0.75,0.25,67
2008-09-18T15:17:11.983,25.4467548,-65.6573594,-27.6,0.5,0.25,73
2008-09-18T15:17:12.112,31.034122,-81.1318581,-13.2,0.25,0.25,-73
2008-09-18T15:17:24.542,25.2420291,-65.9584643,-52.2,0.75,0.25,67
2008-09-18T15:17:24.594,25.237948,-65.9501798,-41.7,0.5,0.25,80
2008-09-18T15:17:35.516,25.2844822,-93.8263233,-73.9,0.75,0.25,-14
2008-09-18T15:17:35.567,25.2752871,-93.8084622,-41.8,0.5,0.25,2
2008-09-18T15:17:35.613,25.2842218,-93.8132408,-46.4,0.25,0.25,-5
2008-09-18T15:17:35.677,25.2962434,-93.8162475,-35.2,0.5,0.25,-21
USPLN-LIGHTNING-USPLN1EX,2008-09-18T15:19:00,2008-09-18T15:17:55
2008-09-18T15:17:41.854,22.2150136,-94.1031425,-38.8,0.5,0.25,-2
2008-09-18T15:17:41.916,22.2089651,-94.1002075,-44.5,0.5,0.25,-1
2008-09-18T15:17:42.027,22.2045854,-94.0983185,-46.4,0.5,0.25,38
2008-09-18T15:17:42.069,22.1991491,-94.0794487,-50.9,0.5,0.25,53
2008-09-18T15:17:56.204,48.966508,-93.1469979,0.0,0.75,0.25,18
2008-09-18T15:18:23.320,31.2276436,-81.0138141,-15.2,0.5,0.25,74
2008-09-18T15:18:35.496,24.9180096,-76.8284115,-32.5,0.5,0.25,84
2008-09-18T15:18:35.504,24.9067039,-76.8373829,-77.0,0.75,0.25,81
2008-09-18T15:18:36.341,25.223444,-65.9718827,-38.2,0.75,0.25,67
USPLN-LIGHTNING-USPLN1EX,2008-09-18T15:20:00,2008-09-18T15:18:55
2008-09-18T15:18:43.114,25.1673351,-65.7698654,-24.7,0.75,0.25,68
2008-09-18T15:18:43.872,25.2634826,-93.8079101,-58.4,0.75,0.25,-14
2008-09-18T15:18:44.205,25.2884551,-93.8238235,-27.8,0.5,0.25,10
2008-09-18T15:18:44.278,25.3188754,-93.7737983,-30.5,0.75,0.25,28
2008-09-18T15:18:55.702,25.6780383,-82.6081863,-43.4,0.25,0.25,62
2008-09-18T15:18:55.733,25.7315336,-82.6313916,-18.4,0.5,0.25,5
2008-09-18T15:18:55.758,25.7425761,-82.5990535,-28.5,0.5,0.25,42
2008-09-18T15:19:13.777,24.6019349,-77.8285121,-25.3,0.5,0.25,79
2008-09-18T15:19:13.838,24.583917,-77.834432,-47.2,0.75,0.25,89
2008-09-18T15:19:13.872,24.5865277,-77.8402535,-34.7,0.25,0.25,-86
USPLN-LIGHTNING-USPLN1EX,2008-09-18T15:21:00,2008-09-18T15:19:55
2008-09-18T15:19:52.940,25.3027062,-66.0407008,-31.1,0.75,0.25,67
2008-09-18T15:20:08.559,24.9282941,-76.9082919,-36.2,0.25,0.25,81
2008-09-18T15:20:08.607,24.9114736,-76.8855453,-43.8,0.5,0.25,88
2008-09-18T15:20:08.652,24.9218569,-76.8598653,-52.6,0.5,0.25,88
2008-09-18T15:20:11.438,22.2149716,-94.0993781,-54.3,0.5,0.25,56
2008-09-18T15:20:11.544,22.2382505,-94.1153615,-38.3,0.5,0.25,-1
2008-09-18T15:20:11.871,22.2042729,-94.1393003,-33.6,0.75,0.25,14
2008-09-18T15:20:16.902,25.2305281,-65.7426811,-161.2,0.75,0.25,48
USPLN-LIGHTNING-USPLN1EX,2008-09-18T15:22:00,2008-09-18T15:20:55
2008-09-18T15:20:43.991,22.4630662,-78.5632949,-40.6,0.5,0.25,73
2008-09-18T15:21:09.508,48.854762,-93.1285129,0.0,0.5,0.25,18
2008-09-18T15:21:15.286,23.9965524,-65.2345735,-39.5,0.75,0.25,69
2008-09-18T15:21:18.055,48.8466834,-93.1289002,-8.6,0.5,0.25,18
2008-09-18T15:21:41.228,22.4790836,-78.5209619,-51.0,0.5,0.25,88
USPLN-LIGHTNING-USPLN1EX,2008-09-18T15:23:00,2008-09-18T15:21:55
2008-09-18T15:21:41.353,22.1910206,-94.0937944,-83.5,0.75,0.25,-35
2008-09-18T15:21:49.708,20.4419055,-94.6737358,-38.2,0.5,0.25,45
2008-09-18T15:21:50.800,25.2820819,-93.8160617,-128.1,0.75,0.25,-14
2008-09-18T15:21:50.867,25.3555018,-93.7127845,-34.5,0.75,0.25,28
2008-09-18T15:21:55.145,31.2707645,-80.7053351,-15.0,0.25,0.25,-73
2008-09-18T15:21:55.967,25.2335466,-65.7516512,-78.9,0.75,0.25,-76
2008-09-18T15:21:56.044,25.2370228,-65.7581158,-21.4,0.75,0.25,68
2008-09-18T15:22:05.110,31.1932745,-80.9667192,-15.7,0.75,0.25,68
2008-09-18T15:22:26.939,48.9655703,-93.1134686,-10.9,0.75,0.25,18
USPLN-LIGHTNING-USPLN1EX,2008-09-18T15:24:00,2008-09-18T15:22:55
2008-09-18T15:22:43.247,31.090349,-81.008637,-30.5,0.25,0.25,51
2008-09-18T15:22:45.779,25.2290039,-65.7182259,-164.0,0.75,0.25,48
2008-09-18T15:22:59.672,22.4583772,-78.5000132,-36.5,0.5,0.25,72
2008-09-18T15:23:06.470,28.8110374,-85.063053,-11.0,0.5,0.25,52
2008-09-18T15:23:32.387,24.477807,-77.8107507,-31.0,0.75,0.25,-89
2008-09-18T15:23:41.815,20.4538577,-94.6674425,-43.7,0.5,0.25,44
2008-09-18T15:23:41.949,20.3752628,-94.5748892,-41.6,0.5,0.25,-3
USPLN-LIGHTNING-USPLN1EX,2008-09-18T15:25:00,2008-09-18T15:23:55
2008-09-18T15:23:46.734,30.8307827,-80.7621261,-10.1,0.25,0.25,-80
2008-09-18T15:23:57.445,25.203101,-65.7070007,-141.9,0.5,0.25,55
2008-09-18T15:23:59.851,25.2548498,-93.8385593,-38.1,0.75,0.25,14
2008-09-18T15:23:59.857,25.2729008,-93.8183612,-91.9,0.75,0.25,5
2008-09-18T15:23:59.902,25.2996775,-93.831159,-24.2,0.5,0.25,10
2008-09-18T15:24:06.554,31.0470265,-81.0613728,-12.5,0.5,0.25,87
2008-09-18T15:24:06.556,30.8026318,-80.6713975,-28.6,0.5,0.25,46
2008-09-18T15:24:06.647,25.2940432,-65.8754194,-34.7,0.75,0.25,67
2008-09-18T15:24:06.706,31.2823731,-80.7576382,0.0,0.25,0.25,-80
2008-09-18T15:24:06.725,31.3261361,-80.7980082,-40.1,0.75,0.25,74
2008-09-18T15:24:06.814,25.2851173,-65.8779129,-75.7,0.75,0.25,-76
USPLN-LIGHTNING-USPLN1EX,2008-09-18T15:26:00,2008-09-18T15:24:55
2008-09-18T15:24:47.832,25.2318442,-65.7938664,-29.7,0.75,0.25,67
2008-09-18T15:25:01.259,22.4818542,-78.5092668,-46.7,0.5,0.25,73
2008-09-18T15:25:05.939,24.5788223,-77.8189736,-26.7,0.5,0.25,79
2008-09-18T15:25:09.135,24.7900105,-65.754828,-217.0,0.75,0.25,48
2008-09-18T15:25:18.423,25.8694515,-92.8070104,-34.8,0.75,0.25,13
2008-09-18T15:25:27.667,25.2790261,-66.0024998,-43.3,0.75,0.25,67
2008-09-18T15:25:27.715,25.1471258,-65.7483573,-61.0,0.75,0.25,69
2008-09-18T15:25:27.727,25.1647486,-65.8635255,-34.0,0.5,0.25,79
2008-09-18T15:25:27.776,25.2847077,-66.0128898,-24.7,0.75,0.25,68
2008-09-18T15:25:28.466,25.4510638,-65.653795,-48.3,0.75,0.25,67
2008-09-18T15:25:28.550,25.46185,-65.6593415,-61.8,0.75,0.25,-76
2008-09-18T15:25:28.645,25.4639605,-65.6735036,-25.7,0.5,0.25,83
2008-09-18T15:25:28.732,25.4692892,-65.668868,-25.5,0.5,0.25,73
2008-09-18T15:25:41.465,25.252339,-93.8301539,-64.8,0.75,0.25,22
USPLN-LIGHTNING-USPLN1EX,2008-09-18T15:27:00,2008-09-18T15:25:55
2008-09-18T15:25:52.216,26.9038727,-92.8421678,-22.2,0.5,0.25,8
2008-09-18T15:25:55.532,24.478184,-77.8391274,-62.8,0.75,0.25,81
2008-09-18T15:25:58.464,31.2536537,-80.7343344,-9.0,0.25,0.25,-80
2008-09-18T15:26:01.337,23.7412332,-94.6298018,-42.9,0.75,0.25,22
2008-09-18T15:26:03.268,31.0944825,-80.963112,14.5,0.5,0.25,74
2008-09-18T15:26:04.039,48.8330712,-93.0964124,-8.3,0.75,0.25,26
2008-09-18T15:26:06.418,25.2451448,-65.7450751,-131.1,0.25,0.25,61
2008-09-18T15:26:20.971,25.6895796,-93.0899397,-32.5,0.75,0.25,4
2008-09-18T15:26:21.053,25.700594,-93.1227922,-32.3,0.5,0.25,4
2008-09-18T15:26:21.356,24.8047893,-65.8078025,-36.8,0.75,0.25,68
2008-09-18T15:26:21.475,24.7868124,-65.7698314,-25.8,0.75,0.25,69
USPLN-LIGHTNING-USPLN1EX,2008-09-18T15:28:00,2008-09-18T15:26:55
2008-09-18T15:27:11.155,22.2819441,-94.1223151,-45.0,0.5,0.25,-2
2008-09-18T15:27:11.190,22.2707323,-94.1171084,-41.8,0.5,0.25,38
2008-09-18T15:27:14.451,25.6950252,-93.130533,-35.7,0.5,0.25,14
2008-09-18T15:27:14.504,25.6874489,-93.1099868,-23.1,0.75,0.25,35
2008-09-18T15:27:14.558,25.6907165,-93.12421,-37.2,0.25,0.25,0
2008-09-18T15:27:20.121,28.7743772,-85.1483451,-8.5,0.5,0.25,52
2008-09-18T15:27:21.619,25.1913586,-65.9172708,-35.0,0.5,0.25,80
2008-09-18T15:27:36.788,31.044207,-81.063288,-24.0,0.25,0.25,50
2008-09-18T15:27:37.521,31.0692929,-81.0506876,-9.0,0.25,0.25,-86
2008-09-18T15:27:38.547,25.467026,-65.6460603,-56.0,0.75,0.25,67
2008-09-18T15:27:38.651,25.4417305,-65.622878,-33.2,0.75,0.25,67
2008-09-18T15:27:38.704,25.4411709,-65.6277201,-38.7,0.75,0.25,67
2008-09-18T15:27:38.745,25.4427941,-65.6342334,-23.2,0.75,0.25,68
2008-09-18T15:27:38.874,25.4442981,-65.6311566,-28.5,0.75,0.25,67
USPLN-LIGHTNING-USPLN1EX,2008-09-18T15:29:00,2008-09-18T15:27:55
2008-09-18T15:28:02.339,22.3131591,-78.4849868,-37.9,0.75,0.25,83
2008-09-18T15:28:02.346,22.4788891,-78.5384946,-43.1,0.75,0.25,56
2008-09-18T15:28:02.387,22.4715316,-78.5228439,-15.3,0.5,0.25,46
2008-09-18T15:28:14.387,22.2781016,-94.0945561,-97.6,0.75,0.25,-35
2008-09-18T15:28:21.905,24.8296769,-65.7830444,-57.1,0.75,0.25,68
2008-09-18T15:28:22.398,24.7990799,-65.7605678,-32.0,0.75,0.25,68
2008-09-18T15:28:22.507,24.7927658,-65.7804207,-27.8,0.75,0.25,68
2008-09-18T15:28:25.519,25.6778932,-93.1290751,-45.9,0.5,0.25,-2
2008-09-18T15:28:25.573,25.7128386,-93.0822427,-22.8,0.75,0.25,35
2008-09-18T15:28:44.079,25.2717418,-65.7549029,-33.4,0.75,0.25,67
2008-09-18T15:28:44.113,25.2687528,-65.7487918,-60.4,0.75,0.25,-76
USPLN-LIGHTNING-USPLN1EX,2008-09-18T15:30:00,2008-09-18T15:28:55
2008-09-18T15:28:48.430,25.3958671,-77.5001353,-53.1,0.5,0.25,87
2008-09-18T15:28:52.868,22.2788057,-94.0993023,-65.9,0.5,0.25,-2
2008-09-18T15:28:52.921,22.2525081,-94.1101584,-51.3,0.5,0.25,56
2008-09-18T15:28:57.823,25.2900187,-66.0460896,-34.4,0.75,0.25,67
2008-09-18T15:28:57.882,25.2828486,-66.0020423,-26.1,0.75,0.25,68
2008-09-18T15:29:06.459,24.689152,-77.4992325,-56.8,0.5,0.25,88
2008-09-18T15:29:12.921,48.8656191,-93.0126104,0.0,0.75,0.25,26
2008-09-18T15:29:15.387,31.0850671,-81.0230698,-9.6,0.25,0.25,-70
2008-09-18T15:29:15.849,31.102567,-80.9833395,-43.6,0.5,0.25,74
2008-09-18T15:29:16.029,31.0829809,-80.9942668,-14.1,0.5,0.25,88
2008-09-18T15:29:27.711,48.9668328,-93.3941354,-23.8,0.75,0.25,29
2008-09-18T15:29:28.915,49.0050015,-93.0242316,-38.4,0.75,0.25,29
2008-09-18T15:29:32.770,25.6904246,-93.1310981,-45.2,0.5,0.25,14
2008-09-18T15:29:32.876,25.6980458,-93.0992461,-29.9,0.5,0.25,10
2008-09-18T15:29:32.901,25.6728489,-93.1199844,-27.4,0.5,0.25,4
USPLN-LIGHTNING-USPLN1EX,2008-09-18T15:31:00,2008-09-18T15:29:55
2008-09-18T15:29:56.101,22.2830897,-94.1005814,-35.0,0.5,0.25,38
2008-09-18T15:30:02.579,25.2605977,-65.7539246,-37.9,0.75,0.25,67
2008-09-18T15:30:02.613,25.2701818,-65.7210061,-35.6,0.75,0.25,67
2008-09-18T15:30:37.674,48.9741646,-93.4378002,-34.5,0.25,0.25,25
USPLN-LIGHTNING-USPLN1EX,2008-09-18T15:32:00,2008-09-18T15:30:55
2008-09-18T15:30:46.863,48.8491001,-93.0038375,-22.0,0.75,0.25,31
2008-09-18T15:30:55.135,20.4127053,-94.6412405,-58.1,0.5,0.25,-4
2008-09-18T15:30:55.188,20.3701564,-94.6383796,-57.8,0.75,0.25,59
2008-09-18T15:31:13.934,31.032361,-81.0863878,-32.7,0.25,0.25,72
2008-09-18T15:31:14.522,31.0420869,-81.0171646,12.4,0.5,0.25,87
2008-09-18T15:31:20.545,25.277556,-65.6779332,-168.8,0.5,0.25,52
2008-09-18T15:31:20.714,25.2788569,-65.7413774,-32.5,0.75,0.25,67
2008-09-18T15:31:27.024,22.267514,-94.1214785,-72.9,0.5,0.25,-2
2008-09-18T15:31:27.919,25.3224641,-78.146872,-13.7,0.5,0.25,42
USPLN-LIGHTNING-USPLN1EX,2008-09-18T15:33:00,2008-09-18T15:31:55
2008-09-18T15:31:37.260,20.4201161,-94.6256173,-59.7,0.5,0.25,42
2008-09-18T15:31:37.297,20.3943197,-94.6313409,-31.8,0.5,0.25,-4
2008-09-18T15:31:49.414,25.2938971,-65.9687951,-34.9,0.75,0.25,67
2008-09-18T15:31:59.852,48.8705137,-92.9610755,-23.5,0.75,0.25,12
2008-09-18T15:32:00.823,48.8691369,-93.0046867,-11.3,0.75,0.25,26
2008-09-18T15:32:20.636,30.9058759,-81.2455372,-67.6,0.25,0.25,87
2008-09-18T15:32:28.282,48.870616,-92.9942285,0.0,0.75,0.25,26
2008-09-18T15:32:30.435,22.2696196,-94.1212723,-40.7,0.5,0.25,-2
USPLN-LIGHTNING-USPLN1EX,2008-09-18T15:34:00,2008-09-18T15:32:55
2008-09-18T15:33:03.099,25.2741429,-93.8538158,-179.2,0.5,0.25,-35
2008-09-18T15:33:03.153,25.3003781,-93.8578479,-51.8,0.5,0.25,-35
2008-09-18T15:33:07.318,20.4135362,-94.6217985,-67.2,0.75,0.25,57
2008-09-18T15:33:07.395,20.4145888,-94.612217,-42.1,0.5,0.25,42
2008-09-18T15:33:11.098,40.9926829,-114.0868167,0.0,0.25,0.25,-76
2008-09-18T15:33:27.748,22.4008916,-78.2533853,-40.6,0.5,0.25,45
2008-09-18T15:33:28.406,25.2797026,-66.0019634,-65.4,0.75,0.25,67
2008-09-18T15:33:28.448,25.2758272,-65.998781,-39.9,0.75,0.25,67
2008-09-18T15:33:28.489,25.2731456,-65.992643,-35.8,0.75,0.25,71
2008-09-18T15:33:32.632,31.1238775,-81.0686271,-31.7,0.25,0.25,-71
USPLN-LIGHTNING-USPLN1EX,2008-09-18T15:35:00,2008-09-18T15:33:55
2008-09-18T15:33:42.838,25.2875832,-65.7845082,-57.0,0.75,0.25,67
2008-09-18T15:33:42.949,25.2931867,-65.7742272,-23.4,0.75,0.25,68
2008-09-18T15:33:43.029,25.2878045,-65.7369798,-30.5,0.75,0.25,67
2008-09-18T15:33:45.060,22.2649221,-94.1083775,-110.4,0.75,0.25,-35
2008-09-18T15:33:45.079,22.274204,-94.1072336,-56.9,0.25,0.25,-10
2008-09-18T15:33:45.091,22.2853081,-94.1196702,-43.1,0.5,0.25,-1
2008-09-18T15:33:45.139,22.3014288,-94.1320318,-28.2,0.5,0.25,-2
2008-09-18T15:33:50.247,20.3733461,-94.640825,-26.4,0.5,0.25,-4
2008-09-18T15:33:50.454,20.3898884,-94.6430738,-40.3,0.5,0.25,-3
2008-09-18T15:33:54.730,25.4083192,-77.5115653,-28.3,0.25,0.25,54
2008-09-18T15:34:17.454,48.8626008,-92.9755952,-26.2,0.75,0.25,54
2008-09-18T15:34:17.811,20.3675408,-94.641973,-41.4,0.5,0.25,-3
2008-09-18T15:34:18.736,48.9806738,-93.3694106,-30.0,0.75,0.25,33
2008-09-18T15:34:25.632,30.7877519,-80.7787491,-12.3,0.25,0.25,45
2008-09-18T15:34:25.795,30.7959648,-80.9131659,-9.8,0.5,0.25,-86
2008-09-18T15:34:30.576,22.2060741,-94.1387224,-52.3,0.25,0.25,-10
USPLN-LIGHTNING-USPLN1EX,2008-09-18T15:36:00,2008-09-18T15:34:55
2008-09-18T15:34:52.936,48.8650486,-92.9904723,29.1,0.75,0.25,12
2008-09-18T15:34:59.524,30.925724,-81.4089142,-6.5,0.25,0.25,87
2008-09-18T15:35:00.552,25.2682031,-72.4581843,-37.8,0.25,0.25,66
2008-09-18T15:35:00.601,25.2448027,-72.4766688,-19.6,0.5,0.25,61
2008-09-18T15:35:00.636,25.2434931,-72.4777427,-23.0,0.5,0.25,61
2008-09-18T15:35:15.476,48.8709449,-92.9678304,-11.1,0.75,0.25,26
2008-09-18T15:35:20.915,40.9777607,-114.0793833,-13.5,0.5,0.25,-76
2008-09-18T15:35:32.056,30.9311598,-81.4126372,-11.6,0.5,0.25,66
2008-09-18T15:35:32.089,30.9196644,-81.437298,-11.1,0.5,0.25,74
USPLN-LIGHTNING-USPLN1EX,2008-09-18T15:37:00,2008-09-18T15:35:55
2008-09-18T15:35:42.337,38.2205551,-68.3995612,-26.2,0.75,0.25,-51
2008-09-18T15:35:56.954,48.8805675,-92.943147,-17.7,0.75,0.25,21
2008-09-18T15:35:57.867,22.2791069,-94.0808352,-135.1,0.75,0.25,-35
2008-09-18T15:36:19.944,25.6062238,-82.7904542,-20.6,0.5,0.25,57
2008-09-18T15:36:20.052,25.5907726,-82.7870239,-21.7,0.5,0.25,57
2008-09-18T15:36:32.793,24.7059429,-77.5963442,-60.1,0.5,0.25,80
2008-09-18T15:36:32.944,24.7182227,-77.5270668,-63.8,0.5,0.25,87
USPLN-LIGHTNING-USPLN1EX,2008-09-18T15:38:00,2008-09-18T15:36:55
2008-09-18T15:36:46.958,28.7779761,-85.1784689,-17.2,0.5,0.25,45
2008-09-18T15:36:52.350,22.3797291,-78.2784398,47.5,0.5,0.25,72
2008-09-18T15:36:52.357,22.3866686,-78.2673003,-413.3,0.25,0.25,70
2008-09-18T15:37:15.469,28.8336503,-85.1757176,-8.8,0.5,0.25,52
2008-09-18T15:37:16.484,31.1333908,-81.0514076,-8.8,0.25,0.25,85
2008-09-18T15:37:16.488,31.0078382,-80.8984564,-38.4,0.25,0.25,-77
2008-09-18T15:37:16.523,31.124496,-81.0447862,-12.8,0.75,0.25,68
2008-09-18T15:37:16.542,31.1192789,-81.0232149,-13.0,0.25,0.25,-71
2008-09-18T15:37:16.561,31.1189709,-81.0225437,-15.3,0.25,0.25,-71
2008-09-18T15:37:16.617,31.1266516,-81.0016178,-15.4,0.5,0.25,74
2008-09-18T15:37:16.933,48.8769945,-92.9611312,-28.0,0.75,0.25,54
2008-09-18T15:37:16.946,48.871505,-92.9632796,-25.0,0.5,0.25,48
2008-09-18T15:37:20.706,22.2405224,-94.1312669,-59.9,0.75,0.25,16
2008-09-18T15:37:20.837,22.2586166,-94.0953736,-50.2,0.5,0.25,55
2008-09-18T15:37:20.890,22.285153,-94.0979953,-48.5,0.25,0.25,47
2008-09-18T15:37:20.942,22.2824547,-94.1258152,-35.6,0.5,0.25,-1
2008-09-18T15:37:26.451,25.2373692,-66.0725826,-65.7,0.75,0.25,-59
2008-09-18T15:37:27.576,26.0189098,-80.3718602,-16.0,0.25,0.25,71
2008-09-18T15:37:30.130,25.6294808,-82.76828,-28.3,0.5,0.25,58
2008-09-18T15:37:35.321,22.5205078,-79.0062319,-33.1,0.5,0.25,73
USPLN-LIGHTNING-USPLN1EX,2008-09-18T15:39:00,2008-09-18T15:37:55
2008-09-18T15:37:52.054,20.3783667,-94.6348084,-91.9,0.5,0.25,-4
2008-09-18T15:37:52.172,20.3841227,-94.6228839,-38.9,0.5,0.25,37
2008-09-18T15:38:00.058,30.7713055,-80.8313217,-9.3,0.25,0.25,-81
2008-09-18T15:38:10.363,25.4622927,-65.9212346,-40.9,0.5,0.25,80
2008-09-18T15:38:18.259,25.9659357,-80.3035582,-10.7,0.25,0.25,81
2008-09-18T15:38:18.405,25.953825,-80.2891145,-7.8,0.25,0.25,84
2008-09-18T15:38:24.753,30.9485579,-81.3961695,-26.9,0.25,0.25,-87
2008-09-18T15:38:24.812,30.9366735,-81.4313295,-12.0,0.5,0.25,66
2008-09-18T15:38:27.039,25.7316221,-82.877142,-34.9,0.5,0.25,70
USPLN-LIGHTNING-USPLN1EX,2008-09-18T15:40:00,2008-09-18T15:38:55
2008-09-18T15:38:47.495,22.1810386,-78.0297063,-19.2,0.5,0.25,46
2008-09-18T15:38:47.592,22.372769,-78.2443083,-38.1,0.5,0.25,72
2008-09-18T15:38:49.223,50.3316389,-95.0418463,-38.1,0.75,0.25,27
2008-09-18T15:38:53.086,25.202172,-66.0953864,-53.4,0.5,0.25,80
2008-09-18T15:38:53.197,25.2151242,-66.0680856,-31.4,0.75,0.25,67
2008-09-18T15:38:53.644,25.2824493,-65.9715986,-25.6,0.5,0.25,78
2008-09-18T15:38:53.969,25.3697485,-66.0031865,-32.4,0.5,0.25,73
2008-09-18T15:38:54.084,25.3573303,-65.997171,-27.0,0.5,0.25,73
2008-09-18T15:39:05.930,30.7598116,-80.8268801,-13.1,0.75,0.25,72
2008-09-18T15:39:13.974,22.2790208,-94.0963,-43.7,0.5,0.25,58
2008-09-18T15:39:13.979,22.292993,-94.0875348,-173.6,0.75,0.25,16
2008-09-18T15:39:14.110,22.2701225,-94.099712,-43.8,0.5,0.25,38
2008-09-18T15:39:14.326,22.1953076,-94.2151455,-69.1,0.75,0.25,66
2008-09-18T15:39:14.364,22.2607272,-94.1069162,-51.3,0.25,0.25,-10
2008-09-18T15:39:14.467,22.2195392,-94.1799392,-63.5,0.75,0.25,66
2008-09-18T15:39:25.572,28.0014628,-69.9957159,-60.4,0.75,0.25,-83
2008-09-18T15:39:26.630,29.3048294,-86.6050095,-11.9,0.25,0.25,-1
2008-09-18T15:39:27.861,21.6074524,-95.4106582,-53.5,0.75,0.25,51
2008-09-18T15:39:31.832,25.3122114,-65.769016,-66.0,0.75,0.25,67
2008-09-18T15:39:31.976,25.2960063,-65.7486649,-36.0,0.5,0.25,80
2008-09-18T15:39:32.023,25.2800259,-65.7117612,-32.6,0.75,0.25,67
USPLN-LIGHTNING-USPLN1EX,2008-09-18T15:41:00,2008-09-18T15:39:55
2008-09-18T15:39:45.829,25.2922559,-66.1145174,-26.0,0.5,0.25,68
2008-09-18T15:39:45.850,25.2811719,-66.1299165,-24.5,0.5,0.25,68
2008-09-18T15:39:45.872,25.284871,-66.1299277,-25.7,0.5,0.25,68
2008-09-18T15:39:46.033,25.2745346,-66.0933412,-39.2,0.75,0.25,-79
2008-09-18T15:40:03.500,22.5086871,-78.4049847,-57.9,0.5,0.25,76
2008-09-18T15:40:03.633,22.613131,-78.4664614,-27.2,0.5,0.25,87
2008-09-18T15:40:12.912,26.2019804,-66.4612407,-43.1,0.75,0.25,-79
2008-09-18T15:40:18.293,21.6088835,-95.3779331,-60.2,0.75,0.25,65
2008-09-18T15:40:24.658,22.1759043,-94.0362357,-31.1,0.75,0.25,48
2008-09-18T15:40:31.479,25.7292868,-82.8689114,-30.0,0.5,0.25,70
2008-09-18T15:40:31.554,25.7654253,-82.8824985,-18.7,0.25,0.25,56
2008-09-18T15:40:37.211,22.5231764,-79.0360312,-47.7,0.5,0.25,73
USPLN-LIGHTNING-USPLN1EX,2008-09-18T15:42:00,2008-09-18T15:40:55
2008-09-18T15:40:45.459,25.9940836,-80.3172581,-29.3,0.25,0.25,-84
2008-09-18T15:40:45.478,25.9888227,-80.3189969,-24.6,0.25,0.25,76
2008-09-18T15:40:45.528,26.0083401,-80.3091665,-12.0,0.25,0.25,73
2008-09-18T15:40:45.597,25.9924683,-80.3527317,-13.7,0.25,0.25,74
2008-09-18T15:40:50.953,25.7077397,-82.7725538,-51.7,0.25,0.25,58
2008-09-18T15:40:53.107,24.4402101,-77.8171765,-39.2,0.75,0.25,89
2008-09-18T15:40:58.174,27.9826546,-70.0298113,-563.2,0.75,0.25,70
2008-09-18T15:40:58.344,27.979633,-70.0043682,-25.5,0.75,0.25,56
2008-09-18T15:41:14.891,28.8234466,-85.1481522,-9.1,0.5,0.25,52
2008-09-18T15:41:16.869,48.8726453,-92.9865132,-19.0,0.5,0.25,5
2008-09-18T15:41:17.002,48.8662676,-92.9873913,-9.8,0.75,0.25,26
2008-09-18T15:41:18.785,30.774413,-80.8002049,-10.3,0.25,0.25,-80
2008-09-18T15:41:20.719,25.2283158,-66.1082227,-74.4,0.5,0.25,79
2008-09-18T15:41:20.849,25.2388967,-66.0763656,-27.5,0.5,0.25,73
2008-09-18T15:41:22.487,24.703677,-77.5892451,-49.8,0.5,0.25,62
2008-09-18T15:41:23.293,21.6164937,-95.4213514,-54.6,0.5,0.25,-4
2008-09-18T15:41:23.443,21.6213352,-95.4106656,-43.8,0.5,0.25,-3
2008-09-18T15:41:27.996,25.9617341,-80.325401,-12.6,0.25,0.25,79
2008-09-18T15:41:34.113,25.1179188,-93.8090376,-31.9,0.75,0.25,14
2008-09-18T15:41:34.119,25.1474848,-93.7965847,-32.4,0.75,0.25,10
2008-09-18T15:41:38.415,22.2844347,-94.1079994,-115.1,0.75,0.25,-37
2008-09-18T15:41:38.459,22.2793287,-94.0914138,-36.2,0.5,0.25,-1
USPLN-LIGHTNING-USPLN1EX,2008-09-18T15:43:00,2008-09-18T15:41:55
2008-09-18T15:41:44.717,31.1365559,-81.0314212,-28.1,0.5,0.25,74
2008-09-18T15:41:44.742,31.1398796,-81.0893984,-13.4,0.25,0.25,7
2008-09-18T15:41:44.772,31.115067,-81.009481,-19.3,0.5,0.25,74
2008-09-18T15:41:59.571,25.7339836,-82.8733174,-36.1,0.5,0.25,70
2008-09-18T15:42:06.343,25.6622499,-82.7273728,-75.5,0.5,0.25,24
2008-09-18T15:42:06.425,25.6531929,-82.7626174,-24.4,0.25,0.25,58
2008-09-18T15:42:25.605,21.6324335,-95.4309426,-51.8,0.5,0.25,-5
2008-09-18T15:42:25.760,24.4592389,-77.7858294,-32.0,0.75,0.25,89
2008-09-18T15:42:25.928,24.482495,-77.8331394,-28.7,0.25,0.25,51
USPLN-LIGHTNING-USPLN1EX,2008-09-18T15:44:00,2008-09-18T15:42:55
2008-09-18T15:42:50.397,30.7858012,-80.8012762,-24.1,0.25,0.25,46
2008-09-18T15:42:50.452,30.7656594,-80.8431864,-14.4,0.5,0.25,-89
2008-09-18T15:42:50.498,30.7644445,-80.8395455,-12.9,0.75,0.25,71
2008-09-18T15:42:53.100,24.687476,-77.5300477,-53.8,0.5,0.25,87
2008-09-18T15:42:53.183,24.7144511,-77.522812,-35.4,0.5,0.25,87
2008-09-18T15:42:53.389,24.70253,-77.5644128,-35.1,0.5,0.25,69
2008-09-18T15:42:57.353,25.3713295,-65.9844653,-69.3,0.75,0.25,67
2008-09-18T15:42:57.392,26.0114984,-80.4211671,-11.4,0.25,0.25,71
2008-09-18T15:42:57.464,25.3793366,-65.9316948,-24.7,0.5,0.25,83
2008-09-18T15:43:00.149,25.6606859,-82.7340188,-62.9,0.5,0.25,40
2008-09-18T15:43:00.207,25.6941942,-82.7007107,-21.5,0.25,0.25,60
2008-09-18T15:43:00.270,25.6765126,-82.7257603,-45.3,0.25,0.25,70
2008-09-18T15:43:00.341,25.6608008,-82.7590585,-25.3,0.25,0.25,65
2008-09-18T15:43:00.495,25.6884011,-82.7135118,-27.3,0.5,0.25,64
2008-09-18T15:43:04.397,25.6831445,-82.8778276,-34.3,0.5,0.25,55
2008-09-18T15:43:04.558,25.7296247,-82.8967769,-28.4,0.75,0.25,45
2008-09-18T15:43:08.956,27.9817357,-69.9979855,-40.2,0.5,0.25,-82
2008-09-18T15:43:08.964,27.9690226,-70.0222392,-144.9,0.75,0.25,-80
2008-09-18T15:43:08.995,27.9890506,-70.0097093,-20.4,0.5,0.25,67
2008-09-18T15:43:09.057,27.969835,-70.0115185,-18.8,0.5,0.25,67
2008-09-18T15:43:15.911,48.9009737,-92.9601565,-13.5,0.5,0.25,20
2008-09-18T15:43:16.611,25.7175125,-82.5969372,-15.1,0.25,0.25,10
2008-09-18T15:43:17.320,22.2431366,-94.1819114,-31.0,0.75,0.25,14
2008-09-18T15:43:17.904,22.2701032,-94.15886,-39.5,0.75,0.25,12
2008-09-18T15:43:24.171,25.4681929,-65.903441,-132.0,0.5,0.25,55
2008-09-18T15:43:28.666,25.8301328,-76.8313972,-13.9,0.5,0.25,38
2008-09-18T15:43:34.655,48.8733331,-92.9005481,-11.0,0.75,0.25,27
USPLN-LIGHTNING-USPLN1EX,2008-09-18T15:45:00,2008-09-18T15:43:55
2008-09-18T15:43:56.172,31.1001746,-81.0571746,-95.8,0.25,0.25,44
2008-09-18T15:43:56.501,31.1077399,-81.0140061,-15.4,0.5,0.25,74
2008-09-18T15:43:56.559,31.103617,-81.1135474,-12.1,0.75,0.25,68
2008-09-18T15:44:02.209,48.8629144,-92.8955573,-15.0,0.25,0.25,6
2008-09-18T15:44:05.957,25.3988758,-65.9521334,-28.9,0.75,0.25,68
2008-09-18T15:44:06.011,25.3738359,-65.9128262,-31.4,0.5,0.25,80
2008-09-18T15:44:12.952,25.9864805,-80.3772649,-9.6,0.25,0.25,-24
2008-09-18T15:44:13.020,25.9785684,-80.3793053,-7.6,0.25,0.25,75
2008-09-18T15:44:13.207,25.9773216,-80.3807284,-8.4,0.25,0.25,75
2008-09-18T15:44:13.651,25.630383,-82.7207752,19.0,0.25,0.25,59
2008-09-18T15:44:15.130,22.6587945,-94.129994,-86.9,0.75,0.25,-35
2008-09-18T15:44:15.218,22.6550728,-94.1261368,-41.1,0.5,0.25,-1
2008-09-18T15:44:27.536,28.0115224,-70.0525683,-82.3,0.75,0.25,-83
2008-09-18T15:44:28.441,25.654813,-82.7208863,-26.7,0.5,0.25,83
2008-09-18T15:44:28.501,25.6604405,-82.7392583,-26.3,0.5,0.25,40
2008-09-18T15:44:33.877,24.7203592,-77.5589758,-42.5,0.5,0.25,88
2008-09-18T15:44:33.886,24.7522645,-77.4796864,-30.0,0.5,0.25,73
2008-09-18T15:44:34.005,24.6822843,-77.5390193,-48.5,0.25,0.25,47
2008-09-18T15:44:34.072,24.7199942,-77.5395515,-19.7,0.25,0.25,52
2008-09-18T15:44:40.125,22.2990141,-94.106633,-91.9,0.75,0.25,-35
USPLN-LIGHTNING-USPLN1EX,2008-09-18T15:46:00,2008-09-18T15:44:55
2008-09-18T15:44:53.681,30.7393356,-80.8237627,-20.2,0.25,0.25,46
2008-09-18T15:44:58.193,25.9788698,-80.3303081,-27.8,0.25,0.25,-79
2008-09-18T15:44:58.264,25.9984761,-80.3528807,-9.0,0.25,0.25,-80
2008-09-18T15:44:58.296,25.990116,-80.3425176,-7.8,0.25,0.25,75
2008-09-18T15:44:58.553,25.995476,-80.3132608,-9.5,0.25,0.25,75
2008-09-18T15:44:58.593,25.9720964,-80.3463068,-8.1,0.25,0.25,77
2008-09-18T15:45:02.817,24.7992306,-76.28215,-41.9,0.5,0.25,79
2008-09-18T15:45:03.664,25.264106,-66.0419861,-94.0,0.75,0.25,67
2008-09-18T15:45:03.763,29.2718784,-86.5683586,-10.2,0.75,0.25,-3
2008-09-18T15:45:04.484,25.3562856,-66.0185266,-48.5,0.75,0.25,-76
2008-09-18T15:45:04.560,25.4972522,-93.1773059,-51.9,0.75,0.25,-16
2008-09-18T15:45:04.683,25.4970012,-93.1683048,-32.3,0.5,0.25,14
2008-09-18T15:45:21.062,24.4579395,-77.8183515,-35.0,0.75,0.25,89
2008-09-18T15:45:21.427,25.319589,-78.430354,-47.6,0.5,0.25,-29
2008-09-18T15:45:30.889,22.4428374,-94.2273111,-47.0,0.75,0.25,50
2008-09-18T15:45:31.009,22.4482939,-94.210005,-42.8,0.5,0.25,-2
2008-09-18T15:45:40.207,25.6703034,-82.7127328,-29.9,0.25,0.25,59
2008-09-18T15:45:40.252,25.6819846,-82.7372214,-25.8,0.25,0.25,59
2008-09-18T15:45:40.285,25.6644003,-82.6973538,-25.4,0.5,0.25,83
USPLN-LIGHTNING-USPLN1EX,2008-09-18T15:47:00,2008-09-18T15:45:55
2008-09-18T15:45:50.374,28.0207677,-70.0239407,-20.2,0.5,0.25,67
2008-09-18T15:45:50.409,28.009959,-70.0360026,-23.5,0.75,0.25,56
2008-09-18T15:45:56.780,25.1194822,-93.7969925,42.5,0.75,0.25,29
2008-09-18T15:45:56.784,25.1292994,-93.8034161,-112.3,0.5,0.25,16
2008-09-18T15:45:56.801,25.1594641,-93.708605,-29.4,0.75,0.25,28
2008-09-18T15:46:00.188,25.9931359,-80.3418174,-12.0,0.25,0.25,-85
2008-09-18T15:46:00.206,25.997341,-80.3603461,-41.0,0.25,0.25,73
2008-09-18T15:46:00.284,25.9949762,-80.3634905,-10.7,0.25,0.25,74
2008-09-18T15:46:11.400,24.6974159,-77.5858141,-35.0,0.5,0.25,80
2008-09-18T15:46:11.530,24.740505,-77.5413154,-26.5,0.75,0.25,64
2008-09-18T15:46:11.678,24.7329671,-77.5325431,-33.5,0.25,0.25,-86
2008-09-18T15:46:11.952,24.7535866,-77.4866482,-25.7,0.75,0.25,-89
2008-09-18T15:46:22.489,29.2842326,-86.5526505,-13.1,0.25,0.25,-1
2008-09-18T15:46:26.803,24.4763302,-77.8384291,-32.1,0.25,0.25,84
2008-09-18T15:46:26.810,24.4661484,-77.8431627,-47.6,0.75,0.25,89
2008-09-18T15:46:26.879,24.4747403,-77.851483,-32.9,0.75,0.25,64
2008-09-18T15:46:37.053,29.31461,-86.6414091,-30.8,0.25,0.25,27
USPLN-LIGHTNING-USPLN1EX,2008-09-18T15:48:00,2008-09-18T15:46:55
2008-09-18T15:47:02.705,25.651047,-82.7334231,-75.6,0.5,0.25,16
2008-09-18T15:47:02.763,25.6638449,-82.7311012,-37.4,0.5,0.25,80
2008-09-18T15:47:10.310,25.9814652,-80.3434027,-35.0,0.25,0.25,76
2008-09-18T15:47:10.402,25.9947669,-80.3304542,-18.7,0.25,0.25,75
2008-09-18T15:47:16.141,22.6460393,-94.1331302,-36.3,0.75,0.25,12
2008-09-18T15:47:16.195,22.7163654,-94.2430715,-37.4,0.5,0.25,33
2008-09-18T15:47:16.433,31.0813534,-81.0673325,0.0,0.75,0.25,68
2008-09-18T15:47:24.992,24.4857736,-77.8187302,-46.0,0.5,0.25,89
2008-09-18T15:47:25.188,24.4230354,-77.8283943,-26.4,0.5,0.25,69
2008-09-18T15:47:34.558,22.2825787,-94.0827993,-39.1,0.5,0.25,-1
2008-09-18T15:47:35.444,22.49782,-78.4650344,-37.0,0.5,0.25,58
USPLN-LIGHTNING-USPLN1EX,2008-09-18T15:49:00,2008-09-18T15:47:55
2008-09-18T15:47:45.447,24.7932506,-76.3049341,-62.5,0.25,0.25,-83
2008-09-18T15:47:55.073,21.059938,-73.4126531,-40.3,0.5,0.25,67
2008-09-18T15:47:55.572,25.1623293,-93.7886317,-75.5,0.75,0.25,31
2008-09-18T15:48:03.547,22.6553542,-94.1489888,-31.2,0.5,0.25,-1
2008-09-18T15:48:10.956,25.406825,-65.9396557,-27.5,0.5,0.25,73
2008-09-18T15:48:10.978,25.3800723,-65.9570851,-55.8,0.75,0.25,-76
2008-09-18T15:48:11.025,25.4039854,-65.804443,-377.8,0.5,0.25,80
2008-09-18T15:48:16.384,28.8256612,-85.108436,0.0,0.75,0.25,32
2008-09-18T15:48:18.728,30.8695444,-80.8954952,-63.0,0.75,0.25,-35
2008-09-18T15:48:18.766,30.776239,-80.7886924,-27.7,0.25,0.25,45
2008-09-18T15:48:22.428,25.6802733,-82.7466932,-81.8,0.5,0.25,16
2008-09-18T15:48:22.479,25.6450064,-82.7278348,-28.9,0.5,0.25,63
2008-09-18T15:48:22.512,25.6674403,-82.7532821,-21.9,0.25,0.25,58
USPLN-LIGHTNING-USPLN1EX,2008-09-18T15:50:00,2008-09-18T15:48:55
2008-09-18T15:48:45.813,28.0048845,-69.9773154,-181.3,0.25,0.25,57
2008-09-18T15:48:52.633,25.1190525,-93.7791176,-24.1,0.75,0.25,28
2008-09-18T15:48:53.021,25.9984565,-80.3488557,0.0,0.25,0.25,73
2008-09-18T15:48:53.040,25.9987277,-80.3462452,-30.7,0.25,0.25,74
2008-09-18T15:48:53.114,26.000074,-80.3428458,-18.2,0.25,0.25,73
2008-09-18T15:48:53.270,25.9763215,-80.348645,-26.4,0.25,0.25,76
2008-09-18T15:48:54.000,28.826105,-85.0987097,0.0,0.5,0.25,67
2008-09-18T15:48:58.473,24.736974,-77.5362459,-62.7,0.25,0.25,87
2008-09-18T15:48:58.952,24.711221,-77.535894,-34.1,0.75,0.25,64
2008-09-18T15:49:08.223,25.9596966,-80.399699,0.0,0.25,0.25,76
2008-09-18T15:49:14.462,22.6642016,-94.1273028,-33.2,0.5,0.25,-1
2008-09-18T15:49:17.745,22.3125728,-94.1211118,-115.9,0.75,0.25,-35
2008-09-18T15:49:19.159,22.3351242,-94.10511,-48.3,0.5,0.25,-2
2008-09-18T15:49:23.316,24.4408919,-77.828376,-33.6,0.75,0.25,64
2008-09-18T15:49:23.378,24.4773058,-77.8627357,-42.1,0.5,0.25,87
2008-09-18T15:49:23.443,24.475426,-77.8870346,-16.2,0.5,0.25,47
2008-09-18T15:49:27.602,22.5067718,-78.4662573,-54.7,0.5,0.25,72
2008-09-18T15:49:27.935,21.618908,-95.4557047,-51.0,0.5,0.25,-5
2008-09-18T15:49:35.544,25.2648132,-66.046738,-81.0,0.75,0.25,67
2008-09-18T15:49:35.658,25.2601865,-66.0249393,-26.2,0.5,0.25,73
2008-09-18T15:49:44.064,27.9868269,-70.0294319,-121.1,0.75,0.25,78
USPLN-LIGHTNING-USPLN1EX,2008-09-18T15:51:00,2008-09-18T15:49:55
2008-09-18T15:49:46.114,27.9756185,-69.9450198,-33.0,0.75,0.25,56
2008-09-18T15:49:49.794,25.2774097,-65.7906855,-34.0,0.5,0.25,73
2008-09-18T15:49:49.929,25.2839867,-65.7592431,-36.6,0.75,0.25,71
2008-09-18T15:49:56.865,25.1058537,-93.7928351,-44.7,0.25,0.25,-5
2008-09-18T15:50:27.474,31.0869773,-81.0511881,-19.2,0.25,0.25,87
2008-09-18T15:50:29.757,30.7524941,-80.8026668,-18.3,0.75,0.25,-30
2008-09-18T15:50:29.764,30.7564082,-80.8235582,-69.1,0.75,0.25,-37
2008-09-18T15:50:29.805,30.7750328,-80.7873453,-15.2,0.25,0.25,45
2008-09-18T15:50:34.895,22.507792,-78.4914729,60.0,0.5,0.25,79
2008-09-18T15:50:35.003,22.494057,-78.4729697,-46.0,0.5,0.25,72
2008-09-18T15:50:35.980,21.08737,-73.4631662,-48.8,0.5,0.25,46
2008-09-18T15:50:41.629,25.2560224,-66.0560434,-74.0,0.75,0.25,67
2008-09-18T15:50:41.671,25.2621293,-66.0101659,-133.6,0.5,0.25,54
2008-09-18T15:50:41.714,25.2601794,-66.0255884,-35.6,0.75,0.25,67
2008-09-18T15:50:44.244,25.6968743,-93.311407,-121.3,0.5,0.25,23
2008-09-18T15:50:44.291,25.5260048,-93.2194613,-55.7,0.75,0.25,-16
2008-09-18T15:50:44.320,25.5156717,-93.1711072,-36.3,0.25,0.25,0
USPLN-LIGHTNING-USPLN1EX,2008-09-18T15:52:00,2008-09-18T15:50:55
2008-09-18T15:50:48.779,28.0239258,-70.002085,-549.1,0.75,0.25,70
2008-09-18T15:50:48.830,28.0155906,-70.0062553,-21.8,0.5,0.25,67
2008-09-18T15:50:48.972,28.0275861,-69.9898012,-36.3,0.5,0.25,66
2008-09-18T15:50:49.002,28.0315054,-69.9710981,-21.3,0.5,0.25,67
2008-09-18T15:50:49.014,28.0141912,-69.9831771,-20.3,0.5,0.25,67
2008-09-18T15:50:55.731,22.6745362,-94.1438899,-28.8,0.75,0.25,12
2008-09-18T15:50:57.798,49.0196665,-93.1777716,-45.9,0.5,0.25,43
2008-09-18T15:50:57.981,26.0035961,-80.3571149,-8.2,0.25,0.25,73
2008-09-18T15:51:14.898,45.9061278,-101.8155923,0.0,0.25,0.25,48
2008-09-18T15:51:27.959,25.6563609,-82.7254394,-31.3,0.25,0.25,81
2008-09-18T15:51:40.774,24.8085642,-66.0319938,-37.6,0.75,0.25,67
USPLN-LIGHTNING-USPLN1EX,2008-09-18T15:53:00,2008-09-18T15:51:55
2008-09-18T15:51:50.026,25.5116502,-93.2258391,-68.6,0.75,0.25,-16
2008-09-18T15:51:50.117,25.5015685,-93.2019447,-36.9,0.25,0.25,0
2008-09-18T15:51:52.114,26.0037589,-80.3498804,0.0,0.25,0.25,-80
2008-09-18T15:51:52.125,25.9840502,-80.3354516,-26.5,0.25,0.25,76
2008-09-18T15:51:52.167,25.9931235,-80.3627837,-21.6,0.25,0.25,74
2008-09-18T15:51:52.214,25.9979864,-80.3213448,-12.4,0.25,0.25,74
2008-09-18T15:51:52.236,25.9935721,-80.3545349,-15.3,0.25,0.25,74
2008-09-18T15:52:04.416,30.8627851,-81.4714202,-44.4,0.25,0.25,-86
2008-09-18T15:52:04.633,24.8437899,-77.5066326,-26.8,0.5,0.25,80
2008-09-18T15:52:11.163,22.6645028,-94.14244,-41.8,0.5,0.25,-2
2008-09-18T15:52:21.939,30.7429767,-80.8002671,-58.1,0.25,0.25,-80
2008-09-18T15:52:21.989,30.7471679,-80.8316239,-10.7,0.25,0.25,-81
2008-09-18T15:52:24.512,25.641747,-82.7845075,-27.5,0.5,0.25,57
USPLN-LIGHTNING-USPLN1EX,2008-09-18T15:54:00,2008-09-18T15:52:55
2008-09-18T15:52:39.027,28.0162687,-69.9880709,-131.6,0.75,0.25,77
2008-09-18T15:52:39.745,25.2664345,-66.0904394,-79.4,0.5,0.25,80
2008-09-18T15:52:40.856,25.5153973,-93.2125086,-55.4,0.75,0.25,-16
2008-09-18T15:52:40.940,25.5254122,-93.2140541,-40.3,0.25,0.25,0
2008-09-18T15:52:46.512,48.9038067,-92.802957,-25.6,0.75,0.25,21
2008-09-18T15:52:48.430,25.1526984,-65.6447399,-138.9,0.75,0.25,68
2008-09-18T15:52:49.779,22.6733382,-94.1619114,-26.9,0.5,0.25,-1
2008-09-18T15:53:01.973,25.9788059,-80.3985437,-33.9,0.25,0.25,48
2008-09-18T15:53:01.993,25.9531923,-80.3838108,-15.1,0.25,0.25,77
2008-09-18T15:53:02.018,25.9557138,-80.3809749,-6.3,0.25,0.25,77
2008-09-18T15:53:02.248,25.9624955,-80.3949796,-6.7,0.25,0.25,76
2008-09-18T15:53:02.341,25.997766,-80.4049957,-10.9,0.25,0.25,-82
2008-09-18T15:53:14.237,31.0795451,-81.0382935,-10.8,0.25,0.25,-86
2008-09-18T15:53:14.269,31.0799039,-81.059456,-7.0,0.25,0.25,-86
2008-09-18T15:53:27.213,22.354258,-94.1374778,-91.3,0.25,0.25,47
2008-09-18T15:53:27.217,22.3571122,-94.105076,-40.8,0.25,0.25,44
2008-09-18T15:53:27.236,22.336461,-94.1264598,-24.6,0.5,0.25,-2
2008-09-18T15:53:29.707,30.8875216,-81.412028,-10.0,0.25,0.25,87
USPLN-LIGHTNING-USPLN1EX,2008-09-18T15:55:00,2008-09-18T15:53:55
2008-09-18T15:53:39.567,24.8857398,-66.1787658,-84.6,0.5,0.25,79
2008-09-18T15:53:41.451,25.5159914,-93.2027746,-61.2,0.75,0.25,-16
2008-09-18T15:53:41.592,25.5393791,-93.2002751,-30.2,0.25,0.25,5
2008-09-18T15:53:43.301,25.7461353,-82.9382836,-16.0,0.5,0.25,64
2008-09-18T15:53:55.030,30.8893796,-81.4104444,-12.9,0.25,0.25,-87
USPLN-LIGHTNING-USPLN1EX,2008-09-18T15:56:00,2008-09-18T15:54:55
2008-09-18T15:54:44.652,22.3715905,-94.1067998,-47.7,0.5,0.25,56
2008-09-18T15:54:45.081,22.3752766,-94.1080335,-37.0,0.5,0.25,-1
2008-09-18T15:54:56.772,25.49646,-93.1800278,-65.3,0.75,0.25,-16
2008-09-18T15:54:56.863,25.5191544,-93.2092654,-34.2,0.25,0.25,5
2008-09-18T15:54:56.890,25.5126153,-93.2005139,-30.0,0.75,0.25,23
2008-09-18T15:54:56.975,25.5199287,-93.1961908,-22.7,0.5,0.25,11
2008-09-18T15:55:05.924,24.8227415,-77.5029981,-73.8,0.5,0.25,87
2008-09-18T15:55:05.997,24.8106969,-77.5095963,-31.7,0.25,0.25,-86
2008-09-18T15:55:06.556,24.8522113,-77.5062296,-43.7,0.75,0.25,-89
2008-09-18T15:55:10.180,20.0249124,-92.1716443,-87.7,0.5,0.25,58
2008-09-18T15:55:11.375,48.8224517,-92.6477362,0.0,0.5,0.25,22
2008-09-18T15:55:17.331,24.8246801,-66.033173,-35.1,0.75,0.25,67
2008-09-18T15:55:17.382,24.8123871,-66.0219234,-22.2,0.75,0.25,69
2008-09-18T15:55:17.430,24.8284791,-66.0397632,-39.2,0.75,0.25,67
2008-09-18T15:55:22.589,25.9043933,-80.5053942,-7.8,0.25,0.25,76
2008-09-18T15:55:26.851,30.8778044,-81.4113564,-9.1,0.25,0.25,-77
USPLN-LIGHTNING-USPLN1EX,2008-09-18T15:57:00,2008-09-18T15:55:55
2008-09-18T15:55:39.684,31.0869986,-81.1437631,-11.9,0.25,0.25,-60
2008-09-18T15:55:43.050,25.95948,-80.3830206,0.0,0.25,0.25,-81
2008-09-18T15:55:43.065,25.9704593,-80.3759998,-20.0,0.25,0.25,76
2008-09-18T15:55:43.186,25.9425919,-80.4046658,-16.1,0.25,0.25,77
2008-09-18T15:55:43.479,25.9482478,-80.4150616,-16.2,0.25,0.25,76
2008-09-18T15:55:44.499,22.2702484,-78.6838873,-48.3,0.5,0.25,73
2008-09-18T15:55:56.821,25.5155942,-93.2003309,-48.6,0.5,0.25,14
2008-09-18T15:55:56.857,25.5254932,-93.1953668,-19.2,0.75,0.25,23
2008-09-18T15:55:56.964,25.4947825,-93.1563977,-54.1,0.5,0.25,-39
2008-09-18T15:56:08.594,25.9388163,-80.4488998,-8.3,0.25,0.25,-48
2008-09-18T15:56:09.117,22.4899319,-78.4477549,-35.6,0.75,0.25,62
2008-09-18T15:56:09.194,22.4704206,-78.4811064,-32.6,0.5,0.25,72
2008-09-18T15:56:17.197,34.8887562,-67.277279,-43.1,0.75,0.25,-59
2008-09-18T15:56:27.227,31.0183424,-81.1349258,-15.4,0.25,0.25,-89
2008-09-18T15:56:32.055,22.3697369,-94.1315228,34.9,0.5,0.25,33
2008-09-18T15:56:32.063,22.3604063,-94.1170448,-33.7,0.75,0.25,12
2008-09-18T15:56:32.093,22.3657907,-94.1280916,-34.8,0.5,0.25,-2
2008-09-18T15:56:33.396,25.0607884,-93.9561752,-27.6,0.75,0.25,11
USPLN-LIGHTNING-USPLN1EX,2008-09-18T15:58:00,2008-09-18T15:56:55
2008-09-18T15:56:41.457,48.759238,-93.6161212,-25.6,0.5,0.25,25
2008-09-18T15:56:41.524,25.2091554,-76.7286068,-48.8,0.75,0.25,89
2008-09-18T15:56:41.585,25.1811317,-76.7487084,-29.9,0.25,0.25,-86
2008-09-18T15:56:45.094,48.8806985,-92.7913477,163.7,0.75,0.25,3
2008-09-18T15:56:56.957,25.9687192,-80.3266151,13.4,0.25,0.25,78
2008-09-18T15:57:05.320,25.526722,-93.187874,-45.5,0.75,0.25,-16
2008-09-18T15:57:05.354,25.5269254,-93.204254,-25.2,0.75,0.25,23
2008-09-18T15:57:05.417,25.5461389,-93.1931679,-20.8,0.5,0.25,10
2008-09-18T15:57:06.141,48.7022884,-93.6142636,-22.2,0.75,0.25,29
2008-09-18T15:57:16.070,25.9306811,-80.4432893,-6.4,0.25,0.25,77
2008-09-18T15:57:34.094,25.9226117,-76.1992227,-44.0,0.25,0.25,55
2008-09-18T15:57:38.238,25.531808,-93.1823744,-27.2,0.75,0.25,23
USPLN-LIGHTNING-USPLN1EX,2008-09-18T15:59:00,2008-09-18T15:57:55
2008-09-18T15:57:38.307,25.5380351,-93.1524913,-39.1,0.25,0.25,0
2008-09-18T15:57:41.144,31.0908995,-81.100133,-25.2,0.25,0.25,51
2008-09-18T15:57:54.848,24.7314467,-77.5291316,-32.0,0.25,0.25,-88
2008-09-18T15:58:14.352,25.2908862,-66.0213705,-30.8,0.75,0.25,67
2008-09-18T15:58:24.183,48.6506641,-93.6000111,0.0,0.5,0.25,14
2008-09-18T15:58:34.719,24.8842417,-66.1192843,-75.0,0.75,0.25,-76
2008-09-18T15:58:35.157,25.6970449,-82.8810577,-36.5,0.5,0.25,68
2008-09-18T15:58:35.237,25.7117124,-82.9569163,-31.6,0.25,0.25,79
2008-09-18T15:58:35.453,25.7181622,-82.9417997,-31.5,0.5,0.25,83
